model5: fastchat ------ test: output_dialog...........
human_scores is [0, 0, 1, -1, 0, 0, 0, 0, 1, -1, 1, -1, 1, -1, 0, 0, 0, 0, 1, -1, 1, -1, -1, 1, -1, 1, 1, -1, 1, -1, 0, 0, 1, -1, 1, -1, 1, -1, 1, -1, 0, 0]
model_scores is [1, -1, 1, -1, 1, 1, 1, -1, 1, -1, 1, -1, 1, -1, 1, 1, 1, -1, 1, -1, 1, -1, -1, 1, -1, 1, 1, 1, -1, 1, 1, -1, 1, -1, 1, -1, 1, -1, 1, -1, 1, 1]
0: 准确率为0.8928571428571429, kendall系数为0.6161232369723243, spearman系数为0.6534973783646051
human_scores is [1, -1, 1, -1, 0, 0, 1, -1, 1, -1, 0, 0, 0, 0, -1, 1, 1, -1, 1, -1, -1, 1, -1, 1, 1, -1, 1, -1, -1, 1, 1, -1, 1, -1, 0, 0, 0, 0, -1, 1, -1, 1]
model_scores is [-1, -1, 1, -1, 1, -1, 1, -1, 1, 1, 1, -1, 1, -1, -1, -1, 1, -1, 1, -1, 1, -1, 0, 1, 1, -1, 1, 1, 1, 1, 1, -1, 1, 0, -1, 0, -1, 1, -1, 1, -1, 1]
1: 准确率为0.75, kendall系数为0.4213749140395263, spearman系数为0.4577033215807818
human_scores is [-1, 1, 0, 0, -1, 1, 1, -1, 1, -1, 0, 0, 1, -1, 0, 0, 1, -1, 1, -1, 1, -1, -1, 1, 1, -1, 1, -1, 0, 0, 1, -1, 1, -1, 1, -1, 0, 0, -1, 1, -1, 1]
model_scores is [-1, 1, -1, 1, -1, 0, 1, 1, -1, 1, 0, 0, 0, 0, 1, -1, -1, 0, -1, -1, 0, 0, 0, 0, 0, 0, 1, -1, 0, 0, 0, -1, 0, -1, 0, 0, 0, 1, 0, 0, 0, 1]
2: 准确率为0.578125, kendall系数为0.17767632805475356, spearman系数为0.1989747978657806
human_scores is [0, 0, -1, 1, 0, 0, -1, 1, 1, -1, 1, -1, -1, 1, 0, 0, -1, 1, 1, -1, 1, -1, 1, -1, 0, 0, 1, -1, 1, -1, -1, 1, 1, -1, 1, -1, 1, -1, 1, -1, 0, 0]
model_scores is [1, 1, 1, -1, 1, 0, -1, 1, 1, -1, 1, -1, 1, 0, 1, -1, 1, -1, 1, -1, 1, -1, -1, 1, 1, 1, 1, 1, 0, 1, -1, 1, 1, 1, -1, 1, 1, -1, 1, 1, 1, 1]
3: 准确率为0.5625, kendall系数为0.08928571428571429, spearman系数为0.10008009612817946
human_scores is [1, -1, 1, -1, 1, -1, 1, -1, 1, -1, 1, -1, 0, 0, 0, 0, 1, -1, 0, 0, 1, -1, 0, 0, 1, -1, 0, 0, 1, -1, 1, -1, 0, 0, 1, -1, -1, 1, 0, 0, 1, -1]
model_scores is [1, -1, 1, -1, -1, -1, 1, -1, 1, -1, 1, -1, 1, 0, -1, 1, 1, -1, 1, 1, 0, -1, -1, 1, 1, 1, 1, 1, 1, -1, 1, -1, 1, -1, 1, -1, 1, 1, 1, 1, 1, 1]
4: 准确率为0.8392857142857143, kendall系数为0.53359864821847, spearman系数为0.5760161996935227
human_scores is [1, -1, 1, -1, 1, -1, 1, -1, 1, -1, 1, -1, 0, 0, 0, 0, 1, -1, 1, -1, 1, -1, 0, 0, 1, -1, 1, -1, 1, -1, 1, -1, 1, -1, 1, -1, 0, 0, 0, 0, 0, 0]
model_scores is [1, -1, 1, -1, 1, -1, 1, -1, 1, -1, 1, -1, 1, -1, 1, 1, 1, -1, 1, 1, -1, 1, 1, 1, 1, 1, 1, 1, -1, 1, 1, -1, 0, 1, 1, 1, 1, 1, -1, 1, -1, 1]
5: 准确率为0.6833333333333333, kendall系数为0.29994899499586464, spearman系数为0.324055882752932
human_scores is [0, 0, -1, 1, -1, 1, 1, -1, 1, -1, 1, -1, -1, 1, -1, 1, 1, -1, 1, -1, 1, -1, 0, 0, 1, -1, 1, -1, 1, -1, 1, -1, 1, -1, 1, -1, 0, 0, 0, 0, 0, 0]
model_scores is [1, 1, -1, 1, -1, 1, -1, 1, 1, -1, 1, -1, 1, 1, 1, 1, 1, 1, 1, -1, 1, -1, 1, 1, -1, 1, 1, -1, 1, -1, -1, 1, 1, -1, 1, -1, 1, -1, 1, -1, 1, 1]
6: 准确率为0.71875, kendall系数为0.3768188628749645, spearman系数为0.39849252978731775
human_scores is [1, -1, 1, -1, 1, -1, 1, -1, 1, -1, 1, -1, 1, -1, 0, 0, 0, 0, 1, -1, 0, 0, -1, 1, -1, 1, 0, 0, -1, 1, 0, 0, 1, -1, 0, 0, 1, -1, 0, 0, -1, 1]
model_scores is [1, -1, 1, -1, 0, 0, -1, 1, 1, -1, 1, -1, 1, -1, -1, 1, -1, 1, 1, 1, 1, -1, -1, 1, -1, 1, 1, 1, -1, 1, -1, 1, 1, -1, 1, -1, 1, -1, 1, -1, 1, 1]
7: 准确率为0.8214285714285714, kendall系数为0.49595399249059374, spearman系数为0.5429244121360111
human_scores is [0, 0, 0, 0, 0, 0, 1, -1, 1, -1, 1, -1, 0, 0, 0, 0, 1, -1, 1, -1, 1, -1, 0, 0, 1, -1, 1, -1, 1, -1, 1, -1, 1, -1, 1, -1, 1, -1, 1, -1, 0, 0]
model_scores is [0, 0, 0, -1, 0, -1, 0, -1, 0, -1, 0, -1, 0, 0, 0, -1, 1, -1, 1, -1, 1, -1, 0, -1, 0, 0, 0, -1, 0, 1, 1, 1, 1, -1, -1, 1, 1, 1, -1, 1, -1, 1]
8: 准确率为0.625, kendall系数为0.25064020591380154, spearman系数为0.2645251310812358
human_scores is [0, 0, 1, -1, 0, 0, 1, -1, 1, -1, 1, -1, 1, -1, 0, 0, 1, -1, 1, -1, 1, -1, -1, 1, 1, -1, 1, -1, 1, -1, 1, -1, 1, -1, 1, -1, 0, 0, 0, 0, 0, 0]
model_scores is [-1, 1, -1, 1, -1, 1, 1, -1, 1, -1, -1, 1, 1, -1, 1, -1, 1, -1, 1, -1, 1, -1, -1, -1, 1, -1, 1, -1, 1, -1, 1, -1, 1, -1, -1, -1, 1, 1, -1, 1, -1, 1]
9: 准确率为0.8, kendall系数为0.478963040751157, spearman系数为0.5076684673359896
human_scores is [1, -1, 1, -1, 1, -1, 1, -1, 1, -1, 1, -1, 1, -1, 0, 0, 1, -1, 1, -1, 1, -1, -1, 1, 1, -1, 0, 0, 1, -1, 1, -1, 1, -1, 1, -1, -1, 1, 0, 0, 1, -1]
model_scores is [-1, 0, 1, 0, -1, 1, -1, 0, -1, 0, 1, 0, 0, -1, 1, -1, 1, 1, 0, -1, 0, -1, 1, 1, -1, 1, 1, 1, 1, 1, -1, 1, 1, 1, 1, -1, 1, -1, 1, -1, 1, -1]
10: 准确率为0.4722222222222222, kendall系数为0.04395869822638581, spearman系数为0.050672416008755015
human_scores is [1, -1, 1, -1, 1, -1, 1, -1, 1, -1, 1, -1, -1, 1, -1, 1, -1, 1, 0, 0, -1, 1, 0, 0, -1, 1, 1, -1, 0, 0, -1, 1, 1, -1, 0, 0, 1, -1, 1, -1, -1, 1]
model_scores is [0, 0, 0, 0, 1, -1, -1, 0, 1, -1, 1, -1, 0, -1, 1, -1, 1, -1, 1, -1, 1, -1, 1, 1, 1, 1, 1, -1, 1, -1, -1, 1, 1, -1, 1, -1, 1, -1, 1, -1, 1, 1]
11: 准确率为0.6176470588235294, kendall系数为0.20971718271265113, spearman系数为0.2342433918698082
human_scores is [-1, 1, -1, 1, 0, 0, 0, 0, 1, -1, 0, 0, -1, 1, 1, -1, 1, -1, 1, -1, 1, -1, 1, -1, 1, -1, 1, -1, 1, -1, 0, 0, 1, -1, 0, 0, 1, -1, 0, 0, -1, 1]
model_scores is [1, 0, 1, -1, -1, -1, 1, -1, -1, -1, 0, -1, 1, -1, -1, -1, 1, -1, -1, -1, 1, -1, 1, 1, 1, 1, -1, 1, -1, 1, 1, -1, 1, 1, -1, 1, -1, 1, -1, 1, -1, 1]
12: 准确率为0.4166666666666667, kendall系数为0.13223680580747413, spearman系数为0.14317339046676997
human_scores is [1, -1, 1, -1, 1, -1, 1, -1, 1, -1, 1, -1, -1, 1, 0, 0, 1, -1, 0, 0, 1, -1, 1, -1, 1, -1, 1, -1, 1, -1, 1, -1, 0, 0, 1, -1, -1, 1, 0, 0, 1, -1]
model_scores is [1, 0, 1, 0, 0, 0, 1, 0, 1, 0, 0, 0, 1, 1, -1, 1, 1, -1, 1, 1, 1, 1, -1, 1, 1, 1, 1, 1, -1, 1, 1, -1, 1, -1, 1, -1, 1, 1, -1, 1, -1, 1]
13: 准确率为0.5588235294117647, kendall系数为0.14393087555536876, spearman系数为0.1639130696515849
human_scores is [0, 0, 0, 0, -1, 1, -1, 1, 0, 0, 1, -1, 0, 0, -1, 1, -1, 1, 0, 0, 1, -1, -1, 1, -1, 1, 0, 0, 1, -1, 0, 0, 1, -1, 1, -1, 1, -1, 1, -1, 1, -1]
model_scores is [-1, 1, -1, 1, -1, 1, -1, 1, 1, 1, 1, 1, -1, 0, -1, 1, -1, 1, 1, 1, 1, 1, 1, -1, -1, 1, 1, 1, 1, 1, -1, 1, 1, 1, 1, 1, 1, 1, 1, 1, 1, 1]
14: 准确率为0.6428571428571429, kendall系数为0.2553381855639944, spearman系数为0.2705740679723516
human_scores is [1, -1, 1, -1, 0, 0, 1, -1, 1, -1, 1, -1, -1, 1, -1, 1, 0, 0, 1, -1, 1, -1, -1, 1, 1, -1, 1, -1, 1, -1, 1, -1, 1, -1, 1, -1, 1, -1, 1, -1, 0, 0]
model_scores is [0, -1, 1, -1, 0, 0, 1, -1, -1, -1, 0, -1, 1, 1, 0, 0, 1, -1, 1, -1, -1, -1, -1, 0, 1, 1, -1, -1, -1, 1, 0, 0, -1, -1, 0, -1, -1, 1, 1, 1, 1, 1]
15: 准确率为0.5833333333333334, kendall系数为0.16553618155022, spearman系数为0.18639444790991014
human_scores is [-1, 1, 0, 0, 1, -1, 1, -1, 0, 0, 1, -1, 1, -1, 1, -1, 1, -1, 1, -1, 1, -1, 1, -1, 1, -1, 0, 0, 1, -1, 1, -1, -1, 1, 1, -1, -1, 1, 0, 0, 1, -1]
model_scores is [1, -1, 1, -1, 1, -1, -1, -1, -1, -1, -1, -1, 1, 1, 1, 1, 1, -1, -1, 1, 1, -1, 1, 1, 1, -1, -1, 1, 1, -1, 1, -1, -1, 1, 1, -1, -1, 0, 1, 1, 1, -1]
16: 准确率为0.7205882352941176, kendall系数为0.37557914930814496, spearman系数为0.40123933045544596
human_scores is [0, 0, 0, 0, -1, 1, 1, -1, -1, 1, -1, 1, 0, 0, -1, 1, 1, -1, -1, 1, -1, 1, -1, 1, 1, -1, -1, 1, -1, 1, 1, -1, 1, -1, 1, -1, -1, 1, -1, 1, 0, 0]
model_scores is [-1, 1, 1, -1, -1, 1, -1, 1, 1, 1, -1, 1, 1, -1, 1, -1, 1, 1, 1, -1, 1, 1, -1, 1, -1, 1, 1, 1, -1, 1, -1, 1, 1, -1, 1, 1, 1, -1, 1, 1, -1, 1]
17: 准确率为0.47058823529411764, kendall系数为0.052448257781205626, spearman系数为0.055227791305300936
human_scores is [0, 0, -1, 1, -1, 1, -1, 1, 0, 0, 1, -1, -1, 1, -1, 1, -1, 1, 0, 0, 1, -1, 1, -1, 1, -1, 1, -1, 1, -1, 1, -1, 1, -1, 1, -1, 1, -1, 1, -1, 1, -1]
model_scores is [1, 0, 0, 1, -1, 0, -1, 1, 1, 1, 1, 1, 0, 1, -1, 1, -1, 1, 0, 1, 1, 0, -1, 0, -1, 1, 0, 0, -1, 1, 0, 1, 1, -1, 1, -1, 1, -1, 1, -1, -1, 1]
18: 准确率为0.6388888888888888, kendall系数为0.2836832573067901, spearman系数为0.30735238443110896
human_scores is [-1, 1, 1, -1, 1, -1, 1, -1, 1, -1, 1, -1, 1, -1, 1, -1, 1, -1, 1, -1, 1, -1, 0, 0, 0, 0, 0, 0, 0, 0, 0, 0, 0, 0, 0, 0, 0, 0, 0, 0, 0, 0]
model_scores is [1, -1, 1, -1, 1, -1, 1, -1, 1, -1, 1, 0, 1, 1, 1, 1, -1, 1, 1, 1, 1, 1, 1, 1, -1, -1, 1, 1, -1, 1, -1, -1, 1, 1, -1, 1, 0, -1, 1, -1, 1, 1]
19: 准确率为0.6136363636363636, kendall系数为0.1703122984586815, spearman系数为0.18474710689613927
human_scores is [-1, 1, -1, 1, -1, 1, 0, 0, -1, 1, 0, 0, 1, -1, 1, -1, 1, -1, 1, -1, 1, -1, 0, 0, 1, -1, 0, 0, 1, -1, 1, -1, 0, 0, 1, -1, -1, 1, 0, 0, 1, -1]
model_scores is [-1, 1, -1, 1, -1, 1, 1, -1, 1, -1, 1, -1, 1, -1, 0, 0, 1, -1, 1, 0, 1, -1, -1, 1, 1, 1, 1, -1, 1, -1, 1, -1, 1, -1, 1, -1, 1, -1, 1, -1, 1, -1]
20: 准确率为0.7833333333333333, kendall系数为0.45157068540382905, spearman系数为0.5000610463343952
human_scores is [1, -1, 1, -1, 1, -1, 1, -1, 1, -1, 1, -1, 1, -1, 1, -1, 0, 0, 1, -1, 1, -1, 0, 0, -1, 1, 1, -1, 1, -1, -1, 1, 1, -1, 1, -1, 1, -1, 1, -1, 0, 0]
model_scores is [0, 0, 0, -1, 0, 0, 0, 0, 0, -1, 1, -1, 1, 0, 0, 0, 0, 0, 0, -1, 1, -1, 1, 1, 1, 1, -1, 1, -1, 1, 1, 1, 1, 1, -1, 1, -1, 1, 1, -1, -1, -1]
21: 准确率为0.5277777777777778, kendall系数为0.05342173039633603, spearman系数为0.05864429587908306
human_scores is [1, -1, 1, -1, 1, -1, 1, -1, 1, -1, 1, -1, 1, -1, 1, -1, 1, -1, 1, -1, 1, -1, 0, 0, 1, -1, 1, -1, 1, -1, 1, -1, 1, -1, 1, -1, 0, 0, 0, 0, 0, 0]
model_scores is [-1, -1, 1, -1, 0, -1, 0, -1, 1, -1, 1, -1, -1, -1, -1, -1, 1, -1, 1, -1, -1, -1, -1, 1, 1, -1, 1, -1, -1, 1, 1, -1, 1, -1, 1, -1, -1, 1, -1, 1, -1, 1]
22: 准确率为0.7941176470588235, kendall系数为0.5245160053067229, spearman系数为0.5695563744422671
human_scores is [-1, 1, 0, 0, -1, 1, -1, 1, 0, 0, 0, 0, 1, -1, 0, 0, 0, 0, 1, -1, 1, -1, -1, 1, -1, 1, 0, 0, 0, 0, 0, 0, 1, -1, 1, -1, 1, -1, 1, -1, 0, 0]
model_scores is [-1, 1, 0, 1, -1, 1, 1, 1, 1, 1, 1, 1, 1, -1, 1, 1, 1, 1, 1, -1, 1, 1, -1, 1, -1, 1, 1, 1, 1, 0, 1, -1, 1, 1, 1, 1, 1, -1, 1, -1, 1, 1]
23: 准确率为0.8333333333333334, kendall系数为0.5629651349005435, spearman系数为0.5962847939999439
human_scores is [0, 0, -1, 1, 0, 0, 1, -1, -1, 1, 1, -1, -1, 1, 0, 0, 1, -1, -1, 1, 1, -1, 1, -1, 1, -1, 1, -1, 1, -1, 1, -1, -1, 1, 1, -1, -1, 1, 0, 0, 1, -1]
model_scores is [-1, -1, -1, -1, -1, 1, 1, -1, -1, 1, -1, -1, -1, 1, -1, 1, -1, 1, -1, 1, -1, -1, -1, -1, -1, -1, -1, 1, -1, -1, 1, -1, 0, 1, 1, -1, -1, 1, -1, 1, -1, -1]
24: 准确率为0.6617647058823529, kendall系数为0.2853185223297586, spearman系数为0.3043974981733907
human_scores is [1, -1, 1, -1, 1, -1, 0, 0, 1, -1, 1, -1, 1, -1, 1, -1, -1, 1, 1, -1, 1, -1, 0, 0, -1, 1, 0, 0, 1, -1, -1, 1, 0, 0, 1, -1, 1, -1, 1, -1, 1, -1]
model_scores is [1, 1, 1, -1, -1, 0, 1, -1, 1, -1, 1, -1, 1, -1, 1, 1, 1, 1, 1, 1, 1, -1, -1, 1, 1, 1, -1, 1, 1, 1, 1, -1, 1, 1, 1, -1, 1, 1, 1, -1, 1, 1]
25: 准确率为0.6617647058823529, kendall系数为0.3103928945668902, spearman系数为0.33227861683219134
human_scores is [-1, 1, 0, 0, -1, 1, -1, 1, -1, 1, -1, 1, 1, -1, 0, 0, -1, 1, 0, 0, 0, 0, -1, 1, -1, 1, -1, 1, -1, 1, -1, 1, 0, 0, 0, 0, 1, -1, 1, -1, 0, 0]
model_scores is [-1, 1, 1, -1, -1, 0, 1, -1, -1, 1, -1, 1, 1, -1, 1, -1, 1, -1, 1, -1, 1, -1, -1, 1, -1, 1, -1, 1, -1, 1, 1, -1, 1, -1, -1, 1, -1, 1, -1, 1, -1, 1]
26: 准确率为0.625, kendall系数为0.1920705916928732, spearman系数为0.20734091725790657
human_scores is [1, -1, 1, -1, 1, -1, 1, -1, 1, -1, 1, -1, 1, -1, -1, 1, 1, -1, 0, 0, 1, -1, -1, 1, 0, 0, -1, 1, 0, 0, 1, -1, 1, -1, 1, -1, -1, 1, 0, 0, 1, -1]
model_scores is [0, 0, 0, -1, 1, -1, 0, -1, 0, -1, 0, -1, 1, -1, -1, 1, 1, -1, 1, -1, 1, -1, -1, 1, -1, 1, 1, 1, 1, 1, 1, -1, 1, -1, 1, -1, 1, -1, 1, -1, 1, 1]
27: 准确率为0.7941176470588235, kendall系数为0.5019185755736763, spearman系数为0.5673908416160403
human_scores is [-1, 1, 0, 0, 1, -1, 1, -1, 1, -1, 1, -1, 1, -1, 1, -1, 1, -1, 1, -1, 1, -1, 1, -1, 1, -1, 1, -1, 1, -1, 0, 0, 1, -1, 1, -1, 1, -1, 1, -1, 0, 0]
model_scores is [1, 1, 0, -1, 0, -1, 0, -1, -1, -1, 1, -1, 0, -1, 0, -1, 1, -1, -1, -1, 1, -1, 1, 1, 1, -1, -1, 0, 1, -1, 1, 0, -1, 0, 1, -1, -1, 1, 1, 1, 1, 1]
28: 准确率为0.6666666666666666, kendall系数为0.31641594084218894, spearman系数为0.3455603770564356
human_scores is [-1, 1, 1, -1, -1, 1, 1, -1, 1, -1, 1, -1, 1, -1, 0, 0, 1, -1, 1, -1, 1, -1, -1, 1, 1, -1, 1, -1, 1, -1, 1, -1, 1, -1, 1, -1, 0, 0, 0, 0, 0, 0]
model_scores is [-1, 0, 1, 0, 0, 0, 0, 0, 1, -1, 0, 0, 1, -1, 1, 1, 0, -1, 1, 0, 1, -1, 0, 1, 1, 1, 1, -1, -1, 1, 1, 0, 1, -1, -1, -1, 1, 1, 1, 1, -1, 1]
29: 准确率为0.7058823529411765, kendall系数为0.39647011293178075, spearman系数为0.4526290813447501
human_scores is [1, -1, 1, -1, 0, 0, -1, 1, 1, -1, 1, -1, 1, -1, -1, 1, -1, 1, 0, 0, 1, -1, -1, 1, -1, 1, -1, 1, 0, 0, -1, 1, 1, -1, 1, -1, 1, -1, 1, -1, 1, -1]
model_scores is [-1, -1, -1, 1, -1, -1, 1, 1, -1, 0, 1, -1, -1, 1, -1, -1, 1, 1, -1, 1, 1, -1, -1, 1, 1, -1, 1, 0, 1, -1, 1, -1, -1, 0, 1, -1, 1, 0, 1, 1, 1, -1]
30: 准确率为0.5, kendall系数为0.0018999599112688038, spearman系数为0.0
human_scores is [-1, 1, 0, 0, 1, -1, 1, -1, 1, -1, 1, -1, 1, -1, 1, -1, 1, -1, 1, -1, 1, -1, 1, -1, 1, -1, 1, -1, 1, -1, 0, 0, 1, -1, 0, 0, 1, -1, 0, 0, -1, 1]
model_scores is [0, -1, 0, 0, 1, -1, 0, 0, 1, -1, -1, -1, 1, 0, 1, -1, -1, 1, 1, -1, 1, -1, 1, -1, 1, 1, 1, -1, 1, -1, -1, 1, 1, 1, 1, -1, 1, -1, 1, -1, 1, 1]
31: 准确率为0.7352941176470589, kendall系数为0.426728876128351, spearman系数为0.46370630635451826
human_scores is [1, -1, -1, 1, 1, -1, -1, 1, 0, 0, 1, -1, -1, 1, -1, 1, -1, 1, -1, 1, 0, 0, 1, -1, 0, 0, 1, -1, 1, -1, -1, 1, -1, 1, 1, -1, 1, -1, 1, -1, 1, -1]
model_scores is [0, 0, 0, 0, 0, 0, -1, 0, 0, -1, 0, 0, 0, 0, -1, 0, 0, -1, 0, 0, -1, 0, -1, 0, 0, -1, 0, 0, -1, 0, 0, -1, 0, 0, 0, 1, 0, 0, -1, 0, 0, 0]
32: 准确率为0.4444444444444444, kendall系数为0.20213067858982123, spearman系数为0.21503897817263368
human_scores is [0, 0, 1, -1, 1, -1, 1, -1, 1, -1, 1, -1, 1, -1, 1, -1, 1, -1, 1, -1, 1, -1, -1, 1, 0, 0, 0, 0, 0, 0, 1, -1, 1, -1, 1, -1, 0, 0, 0, 0, 0, 0]
model_scores is [1, 1, 1, 0, 1, 1, 1, 0, 1, 0, 1, 0, 1, 0, 1, -1, 1, -1, 1, 0, 1, -1, -1, 1, 1, 1, 1, 1, 1, 1, 1, -1, 1, -1, 1, 1, 1, 1, 1, 1, 1, 1]
33: 准确率为0.8214285714285714, kendall系数为0.6963106238227914, spearman系数为0.7637626158259735
human_scores is [-1, 1, 1, -1, 0, 0, 1, -1, 1, -1, 1, -1, 1, -1, 1, -1, 1, -1, 1, -1, 1, -1, -1, 1, 0, 0, -1, 1, 0, 0, 1, -1, 1, -1, 1, -1, -1, 1, 0, 0, 1, -1]
model_scores is [1, 1, 1, -1, -1, 1, 1, -1, 1, -1, 1, -1, 1, 1, 1, 1, 1, -1, 1, -1, 1, -1, -1, 1, 1, -1, 1, 1, 1, 1, 1, -1, 1, -1, 1, -1, 1, 1, 1, 1, 1, 1]
34: 准确率为0.8235294117647058, kendall系数为0.5979716412476535, spearman系数为0.6296615827942291
human_scores is [1, -1, 1, -1, 1, -1, 1, -1, 1, -1, 1, -1, 0, 0, -1, 1, 0, 0, -1, 1, 0, 0, -1, 1, 0, 0, -1, 1, 0, 0, 1, -1, 0, 0, 1, -1, -1, 1, 0, 0, 1, -1]
model_scores is [1, 1, -1, -1, 1, 1, 1, -1, 1, 1, 1, 1, 1, 1, 1, 0, 1, 1, 1, 1, 1, 1, 1, 1, -1, -1, 1, 1, 1, 1, -1, 1, 0, 1, 1, 1, 1, 1, 1, 1, 1, 1]
35: 准确率为0.48214285714285715, kendall系数为0.058730460842359854, spearman系数为0.06338656910463875
human_scores is [1, -1, 1, -1, 1, -1, 1, -1, 1, -1, 1, -1, 0, 0, 1, -1, 1, -1, 1, -1, 1, -1, 1, -1, 1, -1, 1, -1, 1, -1, 0, 0, 0, 0, 0, 0, 0, 0, 0, 0, 0, 0]
model_scores is [1, -1, 1, -1, 1, -1, 1, 1, 1, -1, 1, -1, 1, -1, 1, -1, 1, 1, 1, -1, 1, -1, -1, 0, -1, 1, 1, 1, -1, 1, -1, 1, 1, 1, 1, 1, 1, -1, 1, -1, 1, 1]
36: 准确率为0.6964285714285714, kendall系数为0.3198148149392109, spearman系数为0.343639080697961
human_scores is [1, -1, 0, 0, 1, -1, 1, -1, 1, -1, 1, -1, -1, 1, 0, 0, 1, -1, 1, -1, 1, -1, 1, -1, 1, -1, 1, -1, 1, -1, 1, -1, 1, -1, 1, -1, 1, -1, 1, -1, 0, 0]
model_scores is [1, -1, -1, -1, -1, -1, 1, -1, 1, -1, 1, -1, -1, 1, -1, 1, 1, -1, 1, 1, 1, -1, 1, -1, 1, -1, 1, -1, 1, -1, 1, -1, 1, -1, 1, -1, 1, 1, 1, 1, 1, 1]
37: 准确率为0.8888888888888888, kendall系数为0.6916743633144965, spearman系数为0.7233703639545579
human_scores is [1, -1, 1, -1, 1, -1, 1, -1, 1, -1, 1, -1, 0, 0, 0, 0, 1, -1, 1, -1, 1, -1, 0, 0, 1, -1, 1, -1, 1, -1, 1, -1, 1, -1, 1, -1, 0, 0, 0, 0, 0, 0]
model_scores is [1, -1, 1, 1, 1, 1, 1, -1, 1, -1, 0, -1, -1, 1, -1, 1, 1, 1, 1, -1, -1, 1, 1, 1, 1, -1, 1, -1, -1, 1, 1, -1, 1, -1, -1, 1, 1, 1, -1, 1, -1, 1]
38: 准确率为0.6833333333333333, kendall系数为0.2913831860190929, spearman系数为0.3146475065512995
human_scores is [1, -1, 1, -1, 1, -1, 1, -1, 1, -1, 1, -1, 0, 0, 0, 0, 1, -1, 1, -1, 1, -1, 0, 0, 1, -1, 1, -1, 1, -1, 1, -1, 1, -1, 1, -1, 0, 0, 0, 0, 0, 0]
model_scores is [1, -1, 1, -1, -1, -1, 0, 0, 1, -1, 1, -1, 1, -1, 1, 1, -1, 1, 1, -1, 1, -1, -1, 1, -1, 1, 1, -1, 1, -1, -1, 1, 1, -1, 1, -1, 1, -1, 1, -1, 1, 1]
39: 准确率为0.7333333333333333, kendall系数为0.3702630562609276, spearman系数为0.4045633418694051
human_scores is [-1, 1, 0, 0, 0, 0, 0, 0, 1, -1, 1, -1, 1, -1, 1, -1, 1, -1, 1, -1, 1, -1, 0, 0, 0, 0, 1, -1, 1, -1, 0, 0, 1, -1, 1, -1, 1, -1, 1, -1, 0, 0]
model_scores is [-1, 1, -1, 1, -1, 1, -1, 1, 1, -1, 1, -1, -1, -1, -1, -1, -1, -1, 1, -1, 1, -1, 1, 1, -1, -1, 1, -1, 1, -1, -1, -1, 1, -1, 1, -1, 1, -1, 1, -1, -1, 1]
40: 准确率为0.8928571428571429, kendall系数为0.6161232369723243, spearman系数为0.6534973783646051
human_scores is [1, -1, 1, -1, 1, -1, 1, -1, 1, -1, 1, -1, 1, -1, 1, -1, 1, -1, 1, -1, 1, -1, 0, 0, 1, -1, 1, -1, 1, -1, 1, -1, 1, -1, 1, -1, 0, 0, 0, 0, 0, 0]
model_scores is [1, -1, 1, -1, 1, -1, 1, -1, 1, -1, 1, -1, 1, 1, -1, 1, 1, -1, 1, -1, 1, 1, 1, 1, 1, -1, 1, -1, 1, 1, 1, -1, 1, -1, 1, -1, 1, 1, 1, 1, 1, 1]
41: 准确率为0.8529411764705882, kendall系数为0.6397301078855702, spearman系数为0.6736330697086077
human_scores is [1, -1, 0, 0, -1, 1, 1, -1, 1, -1, 1, -1, -1, 1, -1, 1, 0, 0, 1, -1, 1, -1, -1, 1, 1, -1, 1, -1, 1, -1, 1, -1, 1, -1, 1, -1, 1, -1, 1, -1, 0, 0]
model_scores is [-1, -1, 1, 1, -1, -1, 1, 0, 1, -1, 1, -1, 0, 1, -1, 1, 0, 1, 1, -1, 0, -1, -1, 1, 1, 1, 1, -1, 1, -1, 1, -1, 0, -1, 1, -1, 1, 1, 0, 1, 0, 0]
42: 准确率为0.7916666666666666, kendall系数为0.561598887753036, spearman系数为0.5998811009791939
human_scores is [1, -1, 1, -1, 0, 0, 1, -1, 1, -1, 1, -1, -1, 1, -1, 1, 1, -1, 1, -1, 1, -1, -1, 1, 1, -1, 1, -1, 1, -1, 1, -1, 1, -1, 1, -1, 1, -1, 0, 0, -1, 1]
model_scores is [-1, -1, 1, -1, -1, -1, 1, -1, 1, 0, 1, -1, -1, -1, -1, -1, 0, -1, -1, 0, 1, 1, 1, -1, 0, -1, 1, 1, -1, 1, -1, -1, -1, -1, -1, -1, 1, -1, 1, 1, -1, 1]
43: 准确率为0.6052631578947368, kendall系数为0.19986254184056548, spearman系数为0.21568451101704422
human_scores is [0, 0, -1, 1, 0, 0, 1, -1, 1, -1, 1, -1, -1, 1, 0, 0, 1, -1, 1, -1, 1, -1, 1, -1, 1, -1, 1, -1, 1, -1, 1, -1, 1, -1, 1, -1, 0, 0, 0, 0, 0, 0]
model_scores is [1, 1, 1, 0, 1, 1, 1, 1, 1, -1, 1, -1, 1, 0, 0, 1, 1, 1, 1, -1, 1, -1, 1, -1, 1, 1, 1, -1, 1, -1, 1, 1, 1, 1, 1, 1, 1, -1, 1, -1, 1, 1]
44: 准确率为0.7, kendall系数为0.33626879460334863, spearman系数为0.3658127373656621
human_scores is [1, -1, 1, -1, 1, -1, 1, -1, 1, -1, 1, -1, -1, 1, 1, -1, 1, -1, 1, -1, 1, -1, 1, -1, 1, -1, 1, -1, 1, -1, 0, 0, 1, -1, 1, -1, 1, -1, 1, -1, 0, 0]
model_scores is [0, 0, 0, 0, 0, 0, 0, 0, 0, 0, 0, 0, 1, 1, 1, -1, 1, -1, 1, -1, 1, -1, 1, 0, 0, 0, 1, 0, 1, -1, 1, -1, 1, -1, 1, -1, 1, 0, 1, -1, 0, 1]
45: 准确率为0.75, kendall系数为0.5822096990260455, spearman系数为0.6423064638306593
human_scores is [-1, 1, 0, 0, 1, -1, 0, 0, -1, 1, 0, 0, 1, -1, 1, -1, 1, -1, 0, 0, 1, -1, 1, -1, 0, 0, -1, 1, 0, 0, -1, 1, -1, 1, -1, 1, -1, 1, 0, 0, 1, -1]
model_scores is [1, -1, 1, -1, 0, 1, 1, -1, 1, -1, 1, -1, 1, 1, 0, 0, -1, 1, 1, -1, 1, -1, 0, 1, -1, 1, 1, -1, 1, -1, 1, 0, 0, -1, 1, -1, 1, -1, 1, -1, -1, 1]
46: 准确率为0.21428571428571427, kendall系数为0.4453166679051933, spearman系数为0.5109794625031531
human_scores is [1, -1, 1, -1, 1, -1, 1, -1, 1, -1, 1, -1, 0, 0, 0, 0, 1, -1, 0, 0, 1, -1, 0, 0, 1, -1, 0, 0, 1, -1, 1, -1, 0, 0, 1, -1, -1, 1, 0, 0, 1, -1]
model_scores is [-1, -1, 1, -1, 0, 0, 0, -1, 0, -1, 0, -1, 1, -1, -1, 0, 1, -1, 1, 0, 1, -1, -1, 1, 1, 1, 1, -1, 1, -1, 1, -1, 1, -1, 1, -1, 1, -1, 1, -1, 1, 1]
47: 准确率为0.7321428571428571, kendall系数为0.37245293287134196, spearman系数为0.41731242476584085
human_scores is [0, 0, 1, -1, 0, 0, 1, -1, 1, -1, 1, -1, 1, -1, 0, 0, 1, -1, 1, -1, 1, -1, -1, 1, 1, -1, 1, -1, 1, -1, 1, -1, 1, -1, 1, -1, 1, -1, 1, -1, 0, 0]
model_scores is [-1, 1, 1, 0, -1, 1, 1, -1, -1, 1, 1, -1, 1, -1, 1, 1, 1, -1, 1, 1, 1, -1, -1, 1, 1, -1, -1, 1, 1, -1, 1, -1, 1, -1, 1, -1, -1, 1, -1, 1, 1, -1]
48: 准确率为0.7205882352941176, kendall系数为0.3820059963177265, spearman系数为0.40763320426328326
human_scores is [1, -1, 1, -1, 0, 0, 1, -1, 1, -1, 1, -1, -1, 1, -1, 1, -1, 1, 1, -1, 1, -1, -1, 1, 0, 0, 1, -1, 1, -1, 1, -1, 1, -1, 1, -1, 1, -1, 1, -1, 0, 0]
model_scores is [1, -1, -1, 1, -1, 1, -1, 1, 1, -1, -1, 1, -1, 0, -1, 0, -1, 0, 1, 1, -1, 1, 0, 1, -1, 1, 1, -1, 1, -1, -1, 0, 1, -1, 0, 0, 1, -1, 1, -1, -1, 1]
49: 准确率为0.625, kendall系数为0.22732594536016176, spearman系数为0.25417414769110047
human_scores is [1, -1, 1, -1, 0, 0, 1, -1, 1, -1, 1, -1, 1, -1, -1, 1, 1, -1, 1, -1, 1, -1, -1, 1, 0, 0, 1, -1, 0, 0, 1, -1, 1, -1, 1, -1, 1, -1, 0, 0, -1, 1]
model_scores is [0, -1, 0, 0, 0, -1, 0, -1, 1, -1, 0, -1, 1, 1, -1, 1, 1, 1, 1, -1, -1, 1, 0, 1, -1, 1, 1, -1, 1, -1, -1, 0, 1, -1, 1, 1, 1, -1, 1, -1, -1, 1]
50: 准确率为0.7205882352941176, kendall系数为0.39429096865813196, spearman系数为0.44035242296398963
human_scores is [1, -1, 1, -1, 1, -1, 1, -1, 1, -1, 1, -1, -1, 1, 0, 0, 0, 0, 0, 0, 0, 0, 1, -1, 1, -1, 1, -1, 1, -1, 0, 0, 0, 0, 0, 0, 0, 0, 0, 0, 0, 0]
model_scores is [1, -1, 1, -1, -1, -1, 1, -1, 1, -1, 1, -1, 1, -1, -1, -1, -1, 1, 1, -1, 1, -1, 1, -1, -1, 1, 1, 1, 1, 1, -1, 1, 1, 1, 1, 1, 1, -1, 1, -1, 1, 1]
51: 准确率为0.6818181818181818, kendall系数为0.2518827238660117, spearman系数为0.2659080117391552
human_scores is [-1, 1, 0, 0, 1, -1, 0, 0, 1, -1, 1, -1, 1, -1, 1, -1, 1, -1, 1, -1, 1, -1, 1, -1, 0, 0, 1, -1, 1, -1, -1, 1, 1, -1, 1, -1, 1, -1, 1, -1, 0, 0]
model_scores is [1, -1, 1, -1, 1, -1, 1, -1, 1, -1, 1, -1, 1, -1, 1, -1, 1, -1, 1, -1, 1, -1, -1, 1, -1, 1, -1, 1, -1, 1, 1, 1, 1, -1, 1, 1, 1, 1, 1, 1, 1, 1]
52: 准确率为0.6470588235294118, kendall系数为0.2587509286069989, spearman系数为0.27246362204772684
human_scores is [1, -1, 1, -1, -1, 1, 1, -1, 1, -1, 1, -1, 0, 0, -1, 1, 1, -1, 1, -1, 0, 0, -1, 1, 1, -1, 1, -1, 0, 0, 1, -1, 1, -1, 1, -1, 0, 0, -1, 1, -1, 1]
model_scores is [1, 1, -1, -1, 1, -1, 1, -1, 1, -1, -1, -1, -1, -1, 1, -1, 1, -1, 1, -1, 1, -1, 1, -1, 1, -1, 1, -1, -1, -1, 1, -1, 1, -1, -1, 1, -1, 1, -1, 1, -1, 1]
53: 准确率为0.6764705882352942, kendall系数为0.30469684338630443, spearman系数为0.3208444739598739
human_scores is [1, -1, 1, -1, 0, 0, 1, -1, 1, -1, 1, -1, 1, -1, -1, 1, 1, -1, 1, -1, 1, -1, -1, 1, 1, -1, 1, -1, 1, -1, 1, -1, 1, -1, 1, -1, -1, 1, 0, 0, 1, -1]
model_scores is [1, -1, 1, -1, -1, 0, 1, 0, 1, -1, 0, 0, -1, 1, 1, 1, 1, 0, -1, -1, -1, 0, 0, -1, 1, 0, -1, -1, 1, 0, 1, 0, 1, 0, 1, 0, -1, 1, 1, 0, 1, -1]
54: 准确率为0.6710526315789473, kendall系数为0.37421159966103545, spearman系数为0.4070028397655405
human_scores is [0, 0, 1, -1, 1, -1, 1, -1, 1, -1, 1, -1, 1, -1, 1, -1, 1, -1, 1, -1, 1, -1, 0, 0, 0, 0, 1, -1, 1, -1, 0, 0, 1, -1, 1, -1, 1, -1, 1, -1, 0, 0]
model_scores is [-1, 1, 1, 1, 1, 1, 1, 1, 1, -1, 1, -1, 1, -1, 1, -1, 1, -1, 1, -1, -1, -1, 1, 1, -1, 1, 1, 1, 1, 1, -1, 1, 1, 1, 1, 1, 1, -1, 1, -1, -1, 1]
55: 准确率为0.75, kendall系数为0.43773276930595795, spearman系数为0.46291004988627577
human_scores is [0, 0, 0, 0, 0, 0, 1, -1, 1, -1, 1, -1, 0, 0, 0, 0, 1, -1, 1, -1, 1, -1, 0, 0, 1, -1, 1, -1, 1, -1, 1, -1, 1, -1, 1, -1, 0, 0, 0, 0, 0, 0]
model_scores is [0, 0, 0, 0, 0, 0, 0, 0, -1, 0, 1, -1, -1, 1, -1, -1, -1, 1, -1, 1, 1, -1, -1, 0, 1, -1, 1, -1, 1, -1, 0, 1, 0, 0, -1, 0, 1, 1, 1, -1, 1, 1]
56: 准确率为0.5625, kendall系数为0.10481656672787848, spearman系数为0.11572751247156896
human_scores is [1, -1, 0, 0, 0, 0, 1, -1, 1, -1, 1, -1, -1, 1, -1, 1, 0, 0, 1, -1, 1, -1, 0, 0, 1, -1, 1, -1, 1, -1, 1, -1, 1, -1, 1, -1, 1, -1, 1, -1, 0, 0]
model_scores is [1, -1, 1, -1, -1, 1, 1, -1, 1, -1, 1, 0, -1, 1, -1, 1, -1, 1, 1, 1, -1, 1, -1, 1, -1, 1, 1, -1, 1, 1, 1, -1, 1, -1, 1, -1, 1, -1, 1, 1, -1, 1]
57: 准确率为0.765625, kendall系数为0.44636634769809574, spearman系数为0.48023431780746356
human_scores is [0, 0, 1, -1, 1, -1, 1, -1, 1, -1, 1, -1, 1, -1, 1, -1, 1, -1, 1, -1, 1, -1, 0, 0, -1, 1, 1, -1, 1, -1, -1, 1, 1, -1, 1, -1, 1, -1, 1, -1, 0, 0]
model_scores is [1, -1, 1, -1, 1, 1, 1, -1, 1, -1, 1, -1, 1, 1, -1, 1, -1, 1, 1, 1, 1, 1, -1, 1, -1, 1, 1, 1, -1, 1, 1, 1, 1, -1, 1, -1, 1, -1, 1, -1, 1, 1]
58: 准确率为0.6666666666666666, kendall系数为0.31298431857438064, spearman系数为0.3273268353539886
human_scores is [1, -1, 1, -1, 1, -1, -1, 1, 1, -1, 1, -1, 0, 0, 0, 0, -1, 1, 1, -1, 1, -1, 0, 0, -1, 1, 1, -1, 1, -1, -1, 1, 1, -1, 1, -1, 1, -1, 1, -1, 0, 0]
model_scores is [0, 1, -1, 1, 1, 1, 0, 0, 1, 1, 1, -1, 1, -1, 1, -1, 1, 0, 1, -1, 1, -1, 1, 1, 1, 0, -1, 1, 1, -1, 0, 1, 1, 1, 1, 1, 1, -1, 1, -1, 0, -1]
59: 准确率为0.5882352941176471, kendall系数为0.14970960523885432, spearman系数为0.16444255585486084
human_scores is [-1, 1, 1, -1, -1, 1, 1, -1, 1, -1, 1, -1, 1, -1, 0, 0, 1, -1, 1, -1, 1, -1, -1, 1, -1, 1, -1, 1, -1, 1, 1, -1, 1, -1, 1, -1, 0, 0, 0, 0, 0, 0]
model_scores is [-1, -1, 1, -1, 1, 1, 1, -1, 1, 1, 1, 1, 1, -1, -1, -1, 1, -1, -1, -1, -1, -1, -1, 1, 1, -1, 1, 1, 1, 1, 1, -1, 1, -1, 1, -1, 1, 1, -1, 1, 1, 1]
60: 准确率为0.7058823529411765, kendall系数为0.35547965061735515, spearman系数为0.3743185529531862
human_scores is [1, -1, 0, 0, 0, 0, 1, -1, 1, -1, 1, -1, -1, 1, -1, 1, -1, 1, 0, 0, 0, 0, 0, 0, 1, -1, 1, -1, 1, -1, 1, -1, 1, -1, 1, -1, 1, -1, 1, -1, 0, 0]
model_scores is [1, 1, -1, 1, 1, -1, -1, 1, 1, -1, 1, -1, -1, 1, -1, 1, -1, 1, 1, -1, 1, -1, -1, -1, -1, -1, 1, -1, 1, -1, -1, -1, 1, -1, 1, -1, 1, -1, 1, -1, 1, 1]
61: 准确率为0.8333333333333334, kendall系数为0.5321811563901744, spearman系数为0.5640760748177663
human_scores is [0, 0, -1, 1, -1, 1, 0, 0, 1, -1, 1, -1, -1, 1, -1, 1, 0, 0, 1, -1, 1, -1, 0, 0, 1, -1, 1, -1, 1, -1, 1, -1, 1, -1, 1, -1, 1, -1, 1, -1, 0, 0]
model_scores is [0, 0, -1, 0, -1, 0, 0, 0, 0, -1, 0, 0, 0, 1, -1, 0, -1, 1, 1, 1, -1, 1, 1, 0, 0, 0, 0, 0, 0, 0, 0, 1, 1, -1, 0, 0, 1, -1, 1, 1, 1, 1]
62: 准确率为0.59375, kendall系数为0.19454362549881254, spearman系数为0.2199023836627916
human_scores is [0, 0, 1, -1, 1, -1, 1, -1, 1, -1, 1, -1, 1, -1, 1, -1, 1, -1, 1, -1, 1, -1, 1, -1, 1, -1, 1, -1, 1, -1, 1, -1, 1, -1, 1, -1, 1, -1, 1, -1, 0, 0]
model_scores is [0, -1, 1, 1, 0, -1, 1, 1, 0, -1, 0, -1, 1, 1, 1, -1, -1, 1, 1, -1, -1, 1, 1, -1, 1, 1, 1, -1, 1, 1, -1, 1, -1, -1, -1, 1, 1, -1, 1, 1, -1, 1]
63: 准确率为0.5657894736842105, kendall系数为0.11799872090079812, spearman系数为0.12232651321913827
human_scores is [1, -1, 1, -1, 1, -1, 1, -1, 1, -1, 1, -1, 1, -1, 1, -1, 1, -1, 1, -1, 1, -1, 0, 0, 0, 0, 1, -1, 1, -1, 0, 0, 1, -1, 1, -1, 1, -1, 1, -1, 0, 0]
model_scores is [1, -1, 1, -1, 1, -1, 1, 1, 1, -1, 1, -1, 1, 1, 1, 1, 1, 1, 1, -1, 1, 1, 1, 1, 1, 1, 1, 1, 1, 1, 1, 1, 1, 1, 1, 1, 1, 1, 1, 1, 1, 1]
64: 准确率为0.6764705882352942, kendall系数为0.4309064083291826, spearman系数为0.45374260648651504
human_scores is [1, -1, 1, -1, 1, -1, 1, -1, 1, -1, 1, -1, 1, -1, 0, 0, 1, -1, 1, -1, 1, -1, -1, 1, 1, -1, 1, -1, 1, -1, 1, -1, 1, -1, 1, -1, 0, 0, 0, 0, 0, 0]
model_scores is [-1, 1, 1, -1, 1, -1, 1, 1, 1, 1, 0, -1, 0, 0, 0, -1, 0, 0, 0, -1, 0, 0, 1, -1, 1, 1, 1, 1, 1, 1, 1, 0, -1, 1, 1, 1, 1, 1, 0, 0, 1, 1]
65: 准确率为0.5147058823529411, kendall系数为0.021883532109146207, spearman系数为0.024014605321403707
human_scores is [0, 0, 0, 0, 0, 0, 0, 0, 1, -1, 1, -1, 0, 0, 0, 0, 0, 0, 1, -1, 1, -1, 0, 0, 0, 0, 1, -1, 1, -1, 0, 0, 1, -1, 1, -1, 1, -1, 1, -1, 1, -1]
model_scores is [1, 1, 1, 1, -1, 1, 1, 1, 1, -1, 1, -1, 1, 1, -1, 1, 1, 1, 1, 1, 1, -1, -1, 1, 1, 1, 1, -1, 1, -1, 1, -1, 1, -1, 1, -1, 1, -1, 1, -1, 1, 1]
66: 准确率为0.9090909090909091, kendall系数为0.606669410574892, spearman系数为0.6404498660048935
human_scores is [0, 0, 1, -1, 0, 0, 1, -1, 1, -1, 1, -1, 1, -1, 0, 0, 1, -1, 1, -1, 1, -1, -1, 1, 0, 0, 1, -1, 1, -1, 1, -1, 1, -1, 1, -1, 1, -1, 1, -1, 0, 0]
model_scores is [-1, 0, 1, -1, -1, 0, -1, 1, 1, 1, -1, -1, 1, -1, 0, 0, 1, -1, 1, -1, -1, -1, 0, 1, -1, 1, -1, 1, -1, 1, 1, -1, 1, 0, -1, 0, 1, -1, 1, -1, 1, 1]
67: 准确率为0.640625, kendall系数为0.25028341466985415, spearman系数为0.2671526449696609
human_scores is [0, 0, 1, -1, 1, -1, 1, -1, 1, -1, 1, -1, 1, -1, 1, -1, 1, -1, 1, -1, 1, -1, 1, -1, 0, 0, 1, -1, 1, -1, -1, 1, 0, 0, 1, -1, 1, -1, 1, -1, 1, -1]
model_scores is [-1, 0, -1, -1, 1, -1, 1, 0, 1, 0, -1, 0, 1, -1, 0, -1, 1, -1, 1, -1, 1, -1, 0, -1, 1, -1, 1, -1, -1, -1, 1, 0, 1, 0, -1, 0, -1, 1, -1, 0, -1, 0]
68: 准确率为0.625, kendall系数为0.2381337319288612, spearman系数为0.25982336575676634
human_scores is [1, -1, 1, -1, 0, 0, 1, -1, 1, -1, 1, -1, 0, 0, -1, 1, 0, 0, 1, -1, 1, -1, -1, 1, 0, 0, 1, -1, 1, -1, 1, -1, 1, -1, 1, -1, 1, -1, 1, -1, 0, 0]
model_scores is [-1, -1, 1, -1, -1, 1, 1, -1, 1, -1, 1, -1, 1, -1, -1, 1, 1, -1, 1, -1, 1, -1, -1, 1, 1, -1, 1, -1, 1, -1, 1, -1, 1, -1, 1, -1, 1, -1, 1, -1, 1, 1]
69: 准确率为0.96875, kendall系数为0.7738095238095238, spearman系数为0.8183170883849713
human_scores is [0, 0, 1, -1, 0, 0, 1, -1, 1, -1, 1, -1, 1, -1, 0, 0, 1, -1, 1, -1, 1, -1, -1, 1, 1, -1, 1, -1, 1, -1, 1, -1, 1, -1, 1, -1, 0, 0, 0, 0, 0, 0]
model_scores is [0, 0, 0, 0, 1, -1, 0, 1, 1, -1, 1, 1, 0, 0, 1, -1, 0, 0, 1, 0, 0, -1, 0, 1, 1, -1, 1, -1, -1, -1, 1, -1, 1, -1, 1, -1, 1, -1, -1, 1, -1, 1]
70: 准确率为0.7333333333333333, kendall系数为0.4071857777244676, spearman系数为0.46698706949649377
human_scores is [1, -1, 1, -1, 1, -1, 1, -1, 1, -1, 1, -1, 1, -1, 0, 0, 1, -1, 1, -1, 1, -1, -1, 1, 0, 0, 1, -1, 1, -1, 1, -1, 1, -1, 1, -1, 1, -1, 1, -1, 0, 0]
model_scores is [-1, 1, -1, 1, -1, 1, -1, 1, 1, 1, -1, 1, 1, 1, 0, 1, 1, 1, 1, -1, 1, -1, -1, 1, 1, 1, 1, -1, -1, 1, 1, -1, 1, -1, 1, -1, 1, -1, 1, -1, -1, 1]
71: 准确率为0.5833333333333334, kendall系数为0.15368981532569115, spearman系数为0.15971120885859386
human_scores is [0, 0, 1, -1, 0, 0, 1, -1, 1, -1, 1, -1, 1, -1, 0, 0, 1, -1, 1, -1, 1, -1, -1, 1, 0, 0, 0, 0, 0, 0, 1, -1, 1, -1, 1, -1, 0, 0, 0, 0, 0, 0]
model_scores is [0, 0, 0, -1, 0, -1, 0, 0, 0, 0, 0, -1, -1, 0, -1, 1, -1, 0, -1, 0, -1, -1, -1, 1, 1, -1, 1, -1, 1, -1, 1, -1, 1, -1, 1, -1, 0, -1, -1, -1, 1, 1]
72: 准确率为0.6458333333333334, kendall系数为0.23097828906119441, spearman系数为0.2626723274808138
human_scores is [1, -1, 1, -1, 1, -1, 1, -1, 1, -1, 1, -1, 0, 0, 0, 0, 0, 0, 1, -1, 1, -1, 0, 0, 0, 0, 1, -1, 1, -1, 0, 0, 1, -1, 1, -1, 1, -1, 1, -1, 0, 0]
model_scores is [-1, -1, 0, 0, 0, 0, 0, 0, 0, 0, 0, 0, -1, -1, -1, 1, -1, 1, 1, 1, 1, 1, 1, 1, 1, -1, 0, 0, 1, -1, 1, -1, 1, 0, 1, -1, 1, 0, 1, -1, 1, 1]
73: 准确率为0.6428571428571429, kendall系数为0.2467939716852667, spearman系数为0.2950658533297017
human_scores is [-1, 1, -1, 1, -1, 1, 1, -1, 1, -1, 1, -1, 0, 0, 0, 0, 1, -1, 1, -1, 1, -1, 0, 0, 1, -1, 1, -1, 1, -1, 1, -1, 1, -1, 1, -1, 0, 0, 0, 0, 0, 0]
model_scores is [0, -1, 0, 0, 1, -1, 0, -1, 0, -1, 0, -1, 0, -1, -1, 1, 0, -1, 0, 0, 0, -1, 1, 1, 1, -1, 1, 1, 1, 1, 0, -1, 1, -1, 1, -1, -1, 1, -1, 0, -1, 1]
74: 准确率为0.65, kendall系数为0.27179487179487183, spearman系数为0.31484360841388864
human_scores is [-1, 1, -1, 1, -1, 1, 1, -1, 0, 0, 1, -1, 1, -1, 1, -1, 1, -1, 1, -1, 1, -1, 0, 0, 1, -1, 1, -1, 1, -1, 1, -1, 1, -1, 1, -1, -1, 1, 0, 0, 1, -1]
model_scores is [0, 0, 0, 0, 0, 0, 0, -1, -1, -1, 1, -1, 0, 0, 0, 0, 0, -1, -1, -1, 1, -1, 1, -1, 1, -1, -1, -1, 1, -1, 1, -1, 1, -1, 1, -1, -1, -1, 1, -1, -1, 1]
75: 准确率为0.6944444444444444, kendall系数为0.3927922024247863, spearman系数为0.4449728550719041
human_scores is [0, 0, 1, -1, 0, 0, 1, -1, 1, -1, 1, -1, 1, -1, 0, 0, 1, -1, 1, -1, 1, -1, -1, 1, 0, 0, 0, 0, 1, -1, 1, -1, 1, -1, 1, -1, 0, 0, 1, -1, 1, -1]
model_scores is [-1, 1, 1, 1, 1, 1, 1, 1, 1, 0, 1, 0, -1, 1, 1, 1, -1, -1, 0, 1, 1, 1, 1, -1, 1, 1, 1, 1, 1, -1, -1, 1, 0, 0, 1, 1, 1, -1, 1, -1, 1, 1]
76: 准确率为0.48333333333333334, kendall系数为0.015822362690265632, spearman系数为0.019549945836251883
human_scores is [0, 0, 1, -1, -1, 1, 1, -1, 1, -1, 1, -1, 1, -1, -1, 1, 1, -1, 1, -1, 1, -1, -1, 1, 0, 0, 1, -1, 1, -1, 1, -1, 1, -1, 1, -1, 1, -1, 1, -1, 0, 0]
model_scores is [1, 1, 1, -1, 1, 1, -1, 1, 1, -1, 1, -1, 1, -1, 1, 1, 1, 1, 1, -1, 1, -1, 0, 1, -1, 1, 1, 1, 1, 1, 1, 1, 1, 1, 1, -1, 1, -1, 1, -1, 1, 1]
77: 准确率为0.7361111111111112, kendall系数为0.4781123242807389, spearman系数为0.5060770220712999
human_scores is [1, -1, 1, -1, 0, 0, 1, -1, 1, -1, 1, -1, 0, 0, -1, 1, 0, 0, -1, 1, 0, 0, -1, 1, 0, 0, -1, 1, 0, 0, 1, -1, 1, -1, 1, -1, -1, 1, 0, 0, 1, -1]
model_scores is [-1, 1, 1, 1, -1, -1, -1, 1, 1, 1, 1, 1, 1, 1, -1, 1, 1, 1, 1, 1, 1, 1, -1, 1, 1, 1, 1, 1, 1, 1, 1, -1, 1, -1, 1, -1, 1, 1, 1, 1, 1, 1]
78: 准确率为0.6071428571428571, kendall系数为0.20100756305184242, spearman系数为0.21320071635561047
human_scores is [1, -1, 1, -1, 1, -1, 1, -1, 1, -1, 1, -1, 0, 0, 0, 0, 1, -1, 1, -1, 1, -1, 0, 0, 1, -1, 1, -1, 1, -1, 1, -1, 1, -1, 1, -1, 0, 0, 0, 0, 0, 0]
model_scores is [0, -1, 1, -1, 0, -1, 0, -1, 1, -1, 1, 0, 1, -1, 1, 1, -1, 1, 1, -1, 1, 1, -1, 1, -1, 1, -1, 1, -1, 1, -1, 1, 1, 1, 1, 1, 1, -1, 1, -1, 1, 1]
79: 准确率为0.5, kendall系数为0.011127436458129128, spearman系数为0.010461136736841122
human_scores is [0, 0, 0, 0, 0, 0, 1, -1, 1, -1, 1, -1, 0, 0, 0, 0, 1, -1, 1, -1, 1, -1, 0, 0, 1, -1, 1, -1, 1, -1, 1, -1, 1, -1, 1, -1, -1, 1, -1, 1, -1, 1]
model_scores is [-1, 1, 1, -1, 1, -1, 1, 1, -1, -1, 1, 1, 1, -1, 1, -1, 1, -1, -1, -1, 1, -1, 1, 1, 1, 1, -1, 1, 1, 1, 1, 1, 1, 1, 1, 1, 1, 1, 1, 1, -1, -1]
80: 准确率为0.5333333333333333, kendall系数为0.05638230124116616, spearman系数为0.059761430466719695
human_scores is [0, 0, 1, -1, 0, 0, 1, -1, 1, -1, 1, -1, 1, -1, 0, 0, 1, -1, 1, -1, 1, -1, -1, 1, -1, 1, 0, 0, 0, 0, 1, -1, 1, -1, 1, -1, 1, -1, 1, -1, 0, 0]
model_scores is [0, -1, 1, 0, 0, 0, 1, 0, 1, 0, 1, 0, -1, 1, -1, 1, -1, 1, 1, 1, -1, 1, 0, 1, 1, 1, 1, 1, -1, 1, 1, -1, 1, 0, -1, 0, 1, -1, 1, 1, -1, 1]
81: 准确率为0.55, kendall系数为0.12988172475301513, spearman系数为0.15309310892394867
human_scores is [-1, 1, 1, -1, 1, -1, 1, -1, 1, -1, 1, -1, 1, -1, 1, -1, 1, -1, 1, -1, 1, -1, 0, 0, 0, 0, 1, -1, 1, -1, 0, 0, 1, -1, 1, -1, 1, -1, 1, -1, 0, 0]
model_scores is [0, 1, 1, -1, -1, -1, 1, 1, 1, 1, 1, 1, 1, -1, 1, 1, 1, 1, 1, 1, 1, 1, -1, 1, -1, 1, -1, 1, -1, 1, 1, 1, 1, 1, 1, 1, 1, 1, 1, 1, 1, 1]
82: 准确率为0.5147058823529411, kendall系数为0.04835024124639698, spearman系数为0.05205792062953536
human_scores is [0, 0, 1, -1, 1, -1, 1, -1, 1, -1, 1, -1, 1, -1, 1, -1, 1, -1, 1, -1, 1, -1, 0, 0, 1, -1, 1, -1, 1, -1, 1, -1, 1, -1, 1, -1, 0, 0, 0, 0, 0, 0]
model_scores is [1, -1, 1, -1, 1, -1, 1, -1, 1, -1, 1, -1, 0, 0, -1, 1, 0, -1, 0, -1, 0, -1, -1, -1, -1, -1, 1, -1, 0, -1, -1, 1, 1, -1, 1, -1, 1, 1, 1, 1, 1, -1]
83: 准确率为0.75, kendall系数为0.42113585747091303, spearman系数为0.48290512339108416
human_scores is [0, 0, -1, 1, 0, 0, 0, 0, 1, -1, 1, -1, -1, 1, 0, 0, 0, 0, 1, -1, 1, -1, 1, -1, 1, -1, 1, -1, 1, -1, 0, 0, 1, -1, 1, -1, 1, -1, 1, -1, 0, 0]
model_scores is [1, 1, 1, -1, 1, -1, 1, -1, 1, -1, 1, -1, 1, 1, 1, -1, 1, 1, 1, 1, 1, 1, 1, -1, 1, 1, 1, -1, 1, 1, -1, 1, -1, 1, -1, 1, 1, -1, 1, 1, 1, 1]
84: 准确率为0.5714285714285714, kendall系数为0.1217161238900369, spearman系数为0.12909944487358058
human_scores is [1, -1, 0, 0, 1, -1, 1, -1, 1, -1, 1, -1, -1, 1, 0, 0, 1, -1, 1, -1, 1, -1, 1, -1, 1, -1, 1, -1, 1, -1, 1, -1, 1, -1, 1, -1, 1, -1, 1, -1, 0, 0]
model_scores is [0, -1, 0, -1, 0, 0, 0, 0, 1, 0, 0, 0, -1, 1, 0, 0, 1, -1, 1, 1, 0, 1, 1, -1, 1, -1, 1, -1, 1, -1, 0, -1, 0, -1, 0, -1, -1, 1, -1, 1, 0, -1]
85: 准确率为0.6666666666666666, kendall系数为0.37039066408126314, spearman系数为0.3969767721045623
human_scores is [-1, 1, 0, 0, 0, 0, 1, -1, 1, -1, 1, -1, 1, -1, 1, -1, 1, -1, 1, -1, 1, -1, 0, 0, 1, -1, 1, -1, 1, -1, 1, -1, 1, -1, 1, -1, 0, 0, 0, 0, 0, 0]
model_scores is [0, 1, 1, -1, 1, 1, 0, 0, 0, 1, -1, -1, 1, -1, 1, -1, 1, -1, 1, -1, -1, -1, -1, 1, -1, 1, 1, 1, -1, 1, 0, 1, -1, 1, -1, -1, -1, 1, -1, -1, -1, -1]
86: 准确率为0.5166666666666667, kendall系数为0.0288710379712409, spearman系数为0.03199610950961107
human_scores is [1, -1, 1, -1, 1, -1, 1, -1, 1, -1, 1, -1, 0, 0, 0, 0, 0, 0, 0, 0, 1, -1, 0, 0, 0, 0, 0, 0, 1, -1, 0, 0, 0, 0, 1, -1, 0, 0, 1, -1, 1, -1]
model_scores is [1, 1, 1, 1, 1, 1, 1, 1, 1, 0, 1, 1, 1, -1, 1, 1, 1, 1, 1, 0, 1, 1, 1, 1, 1, 1, 1, 1, 1, -1, 1, 1, 1, 0, 1, -1, 1, 0, 1, 1, 1, 1]
87: 准确率为0.6136363636363636, kendall系数为0.2580941039584667, spearman系数为0.27421223807142703
human_scores is [-1, 1, -1, 1, -1, 1, -1, 1, 1, -1, -1, 1, 0, 0, 0, 0, 0, 0, 1, -1, 0, 0, 0, 0, 0, 0, 1, -1, 0, 0, 0, 0, 1, -1, 0, 0, 1, -1, 0, 0, -1, 1]
model_scores is [-1, -1, 1, -1, -1, -1, -1, -1, 1, -1, 1, -1, -1, 1, 1, 1, -1, -1, 1, 1, 1, -1, -1, 0, -1, -1, 1, 0, 1, -1, -1, -1, -1, -1, 1, -1, 1, -1, -1, -1, 1, -1]
88: 准确率为0.4772727272727273, kendall系数为0.04207715608979191, spearman系数为0.04459412925079223
human_scores is [0, 0, 1, -1, 1, -1, 1, -1, 1, -1, 1, -1, 1, -1, 1, -1, 1, -1, 1, -1, 1, -1, -1, 1, 0, 0, 0, 0, 0, 0, 1, -1, 1, -1, 1, -1, 0, 0, 0, 0, 0, 0]
model_scores is [1, -1, 1, -1, 1, -1, 1, -1, 1, -1, 1, -1, 1, -1, 1, -1, 1, -1, 1, 1, 1, 1, 1, 1, 1, 1, 1, 1, 1, 1, 1, 1, 1, 1, -1, 1, 1, -1, 1, 1, -1, 1]
89: 准确率为0.75, kendall系数为0.42600643361512924, spearman系数为0.45184805705753206
human_scores is [1, -1, 1, -1, 1, -1, 1, -1, 1, -1, 1, -1, 0, 0, 0, 0, 0, 0, 1, -1, 1, -1, 0, 0, 0, 0, 1, -1, 1, -1, 0, 0, 1, -1, 1, -1, 1, -1, 1, -1, 0, 0]
model_scores is [1, -1, 1, -1, 1, -1, 1, -1, 1, -1, 1, -1, 0, 0, 1, -1, -1, 1, 1, -1, -1, -1, 0, 1, 0, 1, 1, -1, -1, -1, -1, 1, 1, -1, 1, -1, 1, -1, -1, -1, -1, 1]
90: 准确率为0.8928571428571429, kendall系数为0.643420819184969, spearman系数为0.6770177438004817
human_scores is [1, -1, 0, 0, 0, 0, 0, 0, 0, 0, 1, -1, -1, 1, -1, 1, -1, 1, -1, 1, 1, -1, 0, 0, 0, 0, 0, 0, 1, -1, 0, 0, 0, 0, 1, -1, 0, 0, 1, -1, 1, -1]
model_scores is [-1, 1, -1, -1, 0, 1, -1, -1, -1, -1, 1, 1, -1, -1, -1, -1, -1, -1, -1, -1, 1, 1, -1, 1, -1, 1, -1, -1, -1, -1, 1, -1, -1, -1, 1, -1, -1, -1, -1, -1, -1, 1]
91: 准确率为0.45454545454545453, kendall系数为0.07014255686035661, spearman系数为0.07423243674206007
human_scores is [1, -1, 1, -1, 1, -1, 1, -1, 1, -1, 1, -1, 1, -1, 0, 0, 1, -1, 1, -1, 1, -1, -1, 1, 1, -1, 0, 0, 0, 0, 1, -1, 1, -1, 1, -1, -1, 1, -1, 1, 0, 0]
model_scores is [1, -1, -1, 1, -1, 1, -1, 1, 1, -1, 1, -1, -1, 1, -1, 1, 1, 1, 1, -1, 1, -1, 1, -1, -1, 1, 1, -1, 1, -1, -1, 0, 1, -1, 1, 0, 1, -1, 1, -1, 1, 1]
92: 准确率为0.4411764705882353, kendall系数为0.09482245015596671, spearman系数为0.10396549201255079
human_scores is [0, 0, 0, 0, 0, 0, 0, 0, 1, -1, 1, -1, 0, 0, 0, 0, 0, 0, 1, -1, 1, -1, 0, 0, 0, 0, 1, -1, 1, -1, 0, 0, 1, -1, 1, -1, 1, -1, 1, -1, 0, 0]
model_scores is [1, -1, 0, -1, 0, 0, 0, -1, 1, -1, 1, -1, 1, -1, -1, 1, -1, 1, 1, 1, 1, -1, -1, 1, -1, 1, 1, 1, 1, 1, 1, -1, 1, -1, 1, -1, 1, -1, 1, -1, 1, 1]
93: 准确率为0.85, kendall系数为0.48304589153964794, spearman系数为0.5122092341955011
human_scores is [0, 0, 1, -1, 1, -1, 0, 0, 1, -1, 1, -1, 1, -1, 1, -1, 0, 0, 1, -1, 1, -1, 0, 0, -1, 1, 1, -1, 1, -1, -1, 1, 1, -1, 1, -1, 1, -1, 1, -1, 0, 0]
model_scores is [0, 0, 0, 0, 0, 0, 0, 0, 0, 0, 0, 0, 1, -1, 1, -1, 1, 1, 1, -1, 1, -1, 1, -1, -1, 1, 1, -1, 1, 1, -1, 1, 1, -1, 1, 1, 0, -1, 1, 0, -1, 1]
94: 准确率为0.78125, kendall系数为0.5454563854184699, spearman系数为0.6048193545290224
human_scores is [1, -1, 1, -1, 1, -1, 1, -1, 1, -1, 1, -1, -1, 1, 0, 0, 0, 0, 1, -1, 1, -1, 1, -1, 1, -1, 1, -1, 1, -1, 0, 0, 1, -1, 1, -1, 1, -1, 1, -1, 0, 0]
model_scores is [1, -1, 1, -1, 1, -1, -1, 0, 1, 0, 1, -1, 1, 1, 1, 1, -1, 1, 0, 0, 1, 1, 1, 1, -1, 1, 1, 0, 1, 1, -1, 1, 0, 0, 1, 1, 0, 0, 1, -1, 1, 1]
95: 准确率为0.6323529411764706, kendall系数为0.2740168197393696, spearman系数为0.3086817045916965
human_scores is [-1, 1, -1, 1, -1, 1, -1, 1, 1, -1, 0, 0, 1, -1, 1, -1, 1, -1, 1, -1, 1, -1, 0, 0, 0, 0, 1, -1, 1, -1, 0, 0, 1, -1, 1, -1, 1, -1, 1, -1, -1, 1]
model_scores is [0, 0, 0, 0, 1, 0, -1, 0, -1, -1, 1, -1, -1, 0, -1, 0, 1, 0, 1, -1, 1, 0, 0, 0, 0, 1, -1, -1, 1, 1, 0, 1, 0, -1, 1, -1, -1, 1, 1, -1, 1, 1]
96: 准确率为0.5735294117647058, kendall系数为0.15160683151568174, spearman系数为0.1656291153537993
human_scores is [-1, 1, 1, -1, 1, -1, 1, -1, 1, -1, 1, -1, 1, -1, 1, -1, 1, -1, 1, -1, 1, -1, 0, 0, 0, 0, 0, 0, 1, -1, 0, 0, 0, 0, 1, -1, 0, 0, 1, -1, 1, -1]
model_scores is [1, 1, 1, 1, -1, 1, -1, 1, 1, 1, 1, 1, 1, 1, -1, 1, -1, 1, 1, 1, 1, 1, -1, 1, -1, 1, 1, 1, 1, 1, 1, 1, 1, 1, 1, -1, 1, -1, 1, -1, 1, 1]
97: 准确率为0.43333333333333335, kendall系数为0.12955005512625914, spearman系数为0.13731430681184995
human_scores is [1, -1, 1, -1, 1, -1, 1, -1, 1, -1, 1, -1, 1, -1, 1, -1, 0, 0, 1, -1, 1, -1, 0, 0, -1, 1, 1, -1, 0, 0, -1, 1, 1, -1, 0, 0, 1, -1, 1, -1, -1, 1]
model_scores is [-1, 0, 0, 1, 0, -1, 0, -1, 0, 0, 0, 0, 1, -1, 1, -1, 0, -1, 1, -1, 0, -1, -1, 0, -1, 1, -1, 1, 0, 1, 0, 1, 0, -1, 0, -1, 1, -1, 0, -1, 1, 1]
98: 准确率为0.6764705882352942, kendall系数为0.378341737810973, spearman系数为0.4138673216152257
human_scores is [0, 0, 1, -1, 1, -1, 1, -1, 1, -1, 1, -1, 1, -1, 1, -1, 1, -1, 1, -1, 1, -1, 0, 0, 0, 0, 1, -1, 1, -1, 0, 0, 1, -1, 1, -1, 1, -1, 1, -1, 0, 0]
model_scores is [0, 1, 0, -1, -1, 1, -1, 1, 1, -1, 1, -1, -1, -1, 1, 1, -1, 1, 1, 1, 1, -1, -1, 1, -1, 1, 1, 1, 1, -1, 1, 1, 1, -1, 1, -1, 1, -1, 1, -1, 1, 1]
99: 准确率为0.671875, kendall系数为0.286280313022955, spearman系数为0.3075027795024126
平均准确率为0.6614476049191605, 平均kendall系数为0.31114213462165535, 平均spearman系数为0.3369497221295665
