model0: chatEval ------ test: output_dialog...........
human_scores is [0, 0, 1, -1, 0, 0, 0, 0, 1, -1, 1, -1, 1, -1, 0, 0, 0, 0, 1, -1, 1, -1, -1, 1, -1, 1, 1, -1, 1, -1, 0, 0, 1, -1, 1, -1, 1, -1, 1, -1, 0, 0]
model_scores is [1, -1, 1, -1, 1, 1, 1, -1, 1, -1, 1, -1, 0, -1, -1, 1, -1, 1, -1, -1, 1, -1, -1, 1, -1, 1, 1, -1, 1, -1, 1, -1, 1, -1, 1, -1, -1, -1, 1, -1, -1, -1]
0: 准确率为0.9107142857142857, kendall系数为0.636065055303901, spearman系数为0.6869150368602976
human_scores is [1, -1, 1, -1, 0, 0, 1, -1, 1, -1, 0, 0, 0, 0, -1, 1, 1, -1, 1, -1, -1, 1, -1, 1, 1, -1, 1, -1, -1, 1, 1, -1, 1, -1, 0, 0, 0, 0, -1, 1, -1, 1]
model_scores is [-1, 1, 1, -1, 1, 1, -1, 1, 1, 1, -1, -1, -1, -1, -1, -1, -1, 0, -1, 0, -1, -1, 0, 0, -1, -1, -1, -1, -1, -1, 0, 0, 1, -1, -1, -1, -1, -1, -1, -1, -1, 1]
1: 准确率为0.5, kendall系数为0.02333800140046683, spearman系数为0.023836564731139806
human_scores is [-1, 1, 0, 0, -1, 1, 1, -1, 1, -1, 0, 0, 1, -1, 0, 0, 1, -1, 1, -1, 1, -1, -1, 1, 1, -1, 1, -1, 0, 0, 1, -1, 1, -1, 1, -1, 0, 0, -1, 1, -1, 1]
model_scores is [-1, 1, 0, 0, -1, 0, 0, 1, 0, -1, 1, -1, 0, -1, 0, -1, 1, -1, 1, -1, 1, -1, 0, -1, 1, -1, 1, 1, 1, -1, 0, -1, 0, -1, 1, -1, 0, -1, -1, 0, 0, 0]
2: 准确率为0.75, kendall系数为0.5056294112450578, spearman系数为0.5592178952589769
human_scores is [0, 0, -1, 1, 0, 0, -1, 1, 1, -1, 1, -1, -1, 1, 0, 0, -1, 1, 1, -1, 1, -1, 1, -1, 0, 0, 1, -1, 1, -1, -1, 1, 1, -1, 1, -1, 1, -1, 1, -1, 0, 0]
model_scores is [1, -1, -1, 0, -1, -1, 0, -1, 1, -1, 1, -1, -1, -1, 1, -1, -1, 1, 1, 0, 1, 1, -1, 1, -1, 1, 1, -1, 1, -1, -1, -1, 1, -1, 1, -1, 1, -1, 1, -1, -1, -1]
3: 准确率为0.765625, kendall系数为0.4370487363420061, spearman系数为0.48269015704581875
human_scores is [1, -1, 1, -1, 1, -1, 1, -1, 1, -1, 1, -1, 0, 0, 0, 0, 1, -1, 0, 0, 1, -1, 0, 0, 1, -1, 0, 0, 1, -1, 1, -1, 0, 0, 1, -1, -1, 1, 0, 0, 1, -1]
model_scores is [-1, -1, 0, -1, -1, -1, 1, -1, 1, 0, 1, -1, 1, -1, 1, -1, 1, -1, 1, -1, 1, -1, 1, -1, 1, -1, 1, -1, 1, -1, 1, -1, -1, -1, 1, -1, -1, 0, 0, -1, -1, -1]
4: 准确率为0.8392857142857143, kendall系数为0.5469769765441779, spearman系数为0.6035818712546923
human_scores is [1, -1, 1, -1, 1, -1, 1, -1, 1, -1, 1, -1, 0, 0, 0, 0, 1, -1, 1, -1, 1, -1, 0, 0, 1, -1, 1, -1, 1, -1, 1, -1, 1, -1, 1, -1, 0, 0, 0, 0, 0, 0]
model_scores is [1, -1, -1, -1, -1, 0, -1, 0, -1, -1, -1, -1, -1, -1, -1, -1, -1, -1, 1, -1, 0, -1, 0, 0, -1, -1, 1, -1, -1, 1, 0, -1, 1, -1, -1, -1, 1, -1, 1, -1, -1, 1]
5: 准确率为0.6, kendall系数为0.18330684275661563, spearman系数为0.20083857810137354
human_scores is [0, 0, -1, 1, -1, 1, 1, -1, 1, -1, 1, -1, -1, 1, -1, 1, 1, -1, 1, -1, 1, -1, 0, 0, 1, -1, 1, -1, 1, -1, 1, -1, 1, -1, 1, -1, 0, 0, 0, 0, 0, 0]
model_scores is [-1, 1, -1, 1, -1, 1, -1, 1, -1, -1, 1, -1, -1, -1, -1, -1, 1, -1, 1, -1, 1, -1, -1, 1, 0, -1, 1, -1, 1, -1, 0, -1, 1, -1, 1, -1, 1, -1, 1, -1, 1, 0]
6: 准确率为0.8125, kendall系数为0.5354320016657477, spearman系数为0.582030083825697
human_scores is [1, -1, 1, -1, 1, -1, 1, -1, 1, -1, 1, -1, 1, -1, 0, 0, 0, 0, 1, -1, 0, 0, -1, 1, -1, 1, 0, 0, -1, 1, 0, 0, 1, -1, 0, 0, 1, -1, 0, 0, -1, 1]
model_scores is [0, -1, 1, -1, 1, -1, -1, -1, -1, -1, 1, -1, 0, 1, -1, -1, -1, 1, 1, -1, -1, -1, 1, -1, -1, -1, 1, -1, 1, -1, 0, -1, -1, 1, -1, -1, -1, -1, -1, -1, 0, -1]
7: 准确率为0.5178571428571429, kendall系数为0.043650793650793655, spearman系数为0.04634897746593216
human_scores is [0, 0, 0, 0, 0, 0, 1, -1, 1, -1, 1, -1, 0, 0, 0, 0, 1, -1, 1, -1, 1, -1, 0, 0, 1, -1, 1, -1, 1, -1, 1, -1, 1, -1, 1, -1, 1, -1, 1, -1, 0, 0]
model_scores is [1, -1, 1, 0, 1, -1, 1, -1, 1, 0, -1, -1, 1, 1, -1, 1, 1, 1, 1, -1, 1, -1, 0, 1, 1, -1, 0, -1, 1, 1, 1, -1, 0, -1, 1, 0, 1, 1, 1, 1, 0, -1]
8: 准确率为0.75, kendall系数为0.41340531540155584, spearman系数为0.4549535785337771
human_scores is [0, 0, 1, -1, 0, 0, 1, -1, 1, -1, 1, -1, 1, -1, 0, 0, 1, -1, 1, -1, 1, -1, -1, 1, 1, -1, 1, -1, 1, -1, 1, -1, 1, -1, 1, -1, 0, 0, 0, 0, 0, 0]
model_scores is [-1, -1, -1, 1, 0, -1, 0, -1, 1, -1, 1, 0, 0, -1, -1, -1, 1, -1, 1, -1, -1, -1, 1, -1, 1, -1, 1, -1, 1, -1, -1, 0, 1, -1, 1, -1, 1, -1, 0, -1, -1, -1]
9: 准确率为0.7333333333333333, kendall系数为0.399637775212777, spearman系数为0.4399775527382963
human_scores is [1, -1, 1, -1, 1, -1, 1, -1, 1, -1, 1, -1, 1, -1, 0, 0, 1, -1, 1, -1, 1, -1, -1, 1, 1, -1, 0, 0, 1, -1, 1, -1, 1, -1, 1, -1, -1, 1, 0, 0, 1, -1]
model_scores is [-1, 1, 1, 1, -1, -1, 0, 1, 0, 1, 0, 1, 1, -1, 0, -1, 1, 1, 1, 0, 1, -1, 1, 0, 0, 0, -1, 0, 1, -1, 0, -1, 0, 0, -1, -1, -1, 1, -1, 1, 1, 0]
10: 准确率为0.5694444444444444, kendall系数为0.13877773329774218, spearman系数为0.14990486191596825
human_scores is [1, -1, 1, -1, 1, -1, 1, -1, 1, -1, 1, -1, -1, 1, -1, 1, -1, 1, 0, 0, -1, 1, 0, 0, -1, 1, 1, -1, 0, 0, -1, 1, 1, -1, 0, 0, 1, -1, 1, -1, -1, 1]
model_scores is [1, -1, 1, -1, 1, -1, 0, -1, 1, -1, 1, -1, 1, -1, 1, -1, 1, -1, 1, -1, 1, -1, -1, -1, -1, -1, 1, -1, 1, -1, -1, 1, 0, -1, -1, -1, 1, -1, 1, -1, -1, 1]
11: 准确率为0.7058823529411765, kendall系数为0.36848297617532105, spearman系数为0.3960907514174897
human_scores is [-1, 1, -1, 1, 0, 0, 0, 0, 1, -1, 0, 0, -1, 1, 1, -1, 1, -1, 1, -1, 1, -1, 1, -1, 1, -1, 1, -1, 1, -1, 0, 0, 1, -1, 0, 0, 1, -1, 0, 0, -1, 1]
model_scores is [1, 1, 1, 1, 1, -1, 1, -1, 1, -1, 1, -1, 1, 0, 1, 1, 1, -1, 0, -1, 1, -1, -1, 0, -1, -1, 1, -1, -1, -1, 1, 1, 1, -1, 1, -1, 1, -1, 1, -1, -1, 0]
12: 准确率为0.7, kendall系数为0.3142791235850188, spearman系数为0.3531678617078967
human_scores is [1, -1, 1, -1, 1, -1, 1, -1, 1, -1, 1, -1, -1, 1, 0, 0, 1, -1, 0, 0, 1, -1, 1, -1, 1, -1, 1, -1, 1, -1, 1, -1, 0, 0, 1, -1, -1, 1, 0, 0, 1, -1]
model_scores is [0, -1, 0, 0, 1, -1, 1, -1, -1, -1, 1, -1, 1, -1, 0, -1, -1, -1, 1, -1, 1, -1, -1, -1, 0, -1, -1, -1, 1, -1, -1, 1, -1, -1, -1, -1, 1, -1, 1, -1, -1, 1]
13: 准确率为0.5588235294117647, kendall系数为0.12645076831155325, spearman系数为0.13798927699710178
human_scores is [0, 0, 0, 0, -1, 1, -1, 1, 0, 0, 1, -1, 0, 0, -1, 1, -1, 1, 0, 0, 1, -1, -1, 1, -1, 1, 0, 0, 1, -1, 0, 0, 1, -1, 1, -1, 1, -1, 1, -1, 1, -1]
model_scores is [1, -1, 0, -1, 1, 1, -1, 1, -1, 1, 1, 0, -1, 0, -1, 0, -1, 1, -1, 1, 1, -1, -1, -1, -1, 1, -1, 1, 1, -1, 1, 1, -1, 1, 1, -1, 1, 0, 1, -1, 1, -1]
14: 准确率为0.8035714285714286, kendall系数为0.48143850676380584, spearman系数为0.528945071324557
human_scores is [1, -1, 1, -1, 0, 0, 1, -1, 1, -1, 1, -1, -1, 1, -1, 1, 0, 0, 1, -1, 1, -1, -1, 1, 1, -1, 1, -1, 1, -1, 1, -1, 1, -1, 1, -1, 1, -1, 1, -1, 0, 0]
model_scores is [1, -1, 1, -1, 0, -1, 1, -1, 1, -1, 1, -1, 1, -1, -1, 1, -1, -1, 1, -1, 1, -1, -1, 1, -1, 1, 1, -1, 1, -1, 1, -1, 1, -1, 1, 1, 1, -1, -1, -1, -1, 1]
15: 准确率为0.8333333333333334, kendall系数为0.6025846050518228, spearman系数为0.626220970693043
human_scores is [-1, 1, 0, 0, 1, -1, 1, -1, 0, 0, 1, -1, 1, -1, 1, -1, 1, -1, 1, -1, 1, -1, 1, -1, 1, -1, 0, 0, 1, -1, 1, -1, -1, 1, 1, -1, -1, 1, 0, 0, 1, -1]
model_scores is [-1, -1, 1, -1, -1, -1, -1, -1, -1, -1, 1, -1, -1, 1, 1, 1, 1, 0, -1, 1, 1, -1, 1, -1, 1, -1, 0, 1, 1, -1, 1, -1, -1, 1, 1, -1, -1, 1, 1, -1, 1, -1]
16: 准确率为0.75, kendall系数为0.43347405785584786, spearman系数为0.46041860748415353
human_scores is [0, 0, 0, 0, -1, 1, 1, -1, -1, 1, -1, 1, 0, 0, -1, 1, 1, -1, -1, 1, -1, 1, -1, 1, 1, -1, -1, 1, -1, 1, 1, -1, 1, -1, 1, -1, -1, 1, -1, 1, 0, 0]
model_scores is [0, 0, 1, -1, 1, 1, 1, -1, -1, -1, -1, 1, 0, -1, 1, -1, 1, -1, -1, -1, 1, -1, -1, 0, -1, 1, -1, 1, -1, -1, -1, 1, -1, 1, 1, -1, 1, 1, 1, -1, 0, -1]
17: 准确率为0.4852941176470588, kendall系数为0.024046012029084844, spearman系数为0.025338602165309327
human_scores is [0, 0, -1, 1, -1, 1, -1, 1, 0, 0, 1, -1, -1, 1, -1, 1, -1, 1, 0, 0, 1, -1, 1, -1, 1, -1, 1, -1, 1, -1, 1, -1, 1, -1, 1, -1, 1, -1, 1, -1, 1, -1]
model_scores is [0, 1, -1, 1, -1, 1, -1, 1, 1, -1, -1, 1, -1, -1, -1, -1, -1, 1, 1, -1, -1, 1, 1, -1, -1, 1, 1, 1, 1, -1, -1, 0, 1, -1, -1, -1, 1, -1, 1, 0, -1, 1]
18: 准确率为0.6111111111111112, kendall系数为0.19922220626040976, spearman系数为0.21041390881786554
human_scores is [-1, 1, 1, -1, 1, -1, 1, -1, 1, -1, 1, -1, 1, -1, 1, -1, 1, -1, 1, -1, 1, -1, 0, 0, 0, 0, 0, 0, 0, 0, 0, 0, 0, 0, 0, 0, 0, 0, 0, 0, 0, 0]
model_scores is [1, -1, 1, -1, 1, -1, 1, -1, 1, -1, 1, -1, 0, 0, 0, -1, -1, -1, 1, 1, 1, -1, 1, 1, -1, 1, 1, -1, 1, -1, -1, 1, -1, 1, 1, -1, 1, -1, 1, 0, 0, -1]
19: 准确率为0.75, kendall系数为0.34759623677016627, spearman系数为0.3848911849187777
human_scores is [-1, 1, -1, 1, -1, 1, 0, 0, -1, 1, 0, 0, 1, -1, 1, -1, 1, -1, 1, -1, 1, -1, 0, 0, 1, -1, 0, 0, 1, -1, 1, -1, 0, 0, 1, -1, -1, 1, 0, 0, 1, -1]
model_scores is [-1, 0, 0, -1, 0, 0, -1, -1, 1, -1, 0, -1, 1, -1, 1, 1, 0, -1, 0, -1, -1, -1, -1, 1, -1, 1, -1, -1, 1, -1, -1, -1, 1, -1, 0, -1, 1, -1, -1, -1, 0, -1]
20: 准确率为0.5333333333333333, kendall系数为0.09857281161802883, spearman系数为0.10562681853292956
human_scores is [1, -1, 1, -1, 1, -1, 1, -1, 1, -1, 1, -1, 1, -1, 1, -1, 0, 0, 1, -1, 1, -1, 0, 0, -1, 1, 1, -1, 1, -1, -1, 1, 1, -1, 1, -1, 1, -1, 1, -1, 0, 0]
model_scores is [1, -1, 1, -1, 1, -1, 1, -1, 1, -1, 1, -1, 0, 1, 1, 1, 0, 1, 1, 1, 1, 1, 0, 0, 0, -1, 1, 0, 1, 1, 0, -1, 1, 1, 0, 1, 1, -1, 1, 0, 0, -1]
21: 准确率为0.6666666666666666, kendall系数为0.3555555555555556, spearman系数为0.3773364712030895
human_scores is [1, -1, 1, -1, 1, -1, 1, -1, 1, -1, 1, -1, 1, -1, 1, -1, 1, -1, 1, -1, 1, -1, 0, 0, 1, -1, 1, -1, 1, -1, 1, -1, 1, -1, 1, -1, 0, 0, 0, 0, 0, 0]
model_scores is [1, -1, 1, -1, -1, -1, 1, -1, 1, -1, -1, -1, 0, -1, -1, -1, 1, -1, -1, -1, 1, -1, -1, 1, 0, -1, -1, 0, 1, -1, 1, -1, 1, -1, 1, -1, -1, -1, 1, 1, -1, -1]
22: 准确率为0.8088235294117647, kendall系数为0.5581642018735693, spearman系数为0.6106674350940877
human_scores is [-1, 1, 0, 0, -1, 1, -1, 1, 0, 0, 0, 0, 1, -1, 0, 0, 0, 0, 1, -1, 1, -1, -1, 1, -1, 1, 0, 0, 0, 0, 0, 0, 1, -1, 1, -1, 1, -1, 1, -1, 0, 0]
model_scores is [0, 1, -1, 1, -1, 1, -1, 1, 1, 1, -1, 1, 1, -1, 1, -1, 1, -1, 1, -1, 1, -1, -1, -1, -1, 1, -1, -1, 1, 1, -1, 1, 1, -1, 1, -1, 1, 1, 1, 1, -1, 0]
23: 准确率为0.8541666666666666, kendall系数为0.5137331160428935, spearman系数为0.5539003119294622
human_scores is [0, 0, -1, 1, 0, 0, 1, -1, -1, 1, 1, -1, -1, 1, 0, 0, 1, -1, -1, 1, 1, -1, 1, -1, 1, -1, 1, -1, 1, -1, 1, -1, -1, 1, 1, -1, -1, 1, 0, 0, 1, -1]
model_scores is [1, -1, -1, -1, 0, -1, 1, -1, 1, -1, 1, -1, 1, -1, 0, 1, 1, -1, 1, -1, -1, -1, 1, -1, 0, -1, 1, 0, -1, -1, 1, -1, -1, -1, -1, -1, 1, -1, -1, 1, -1, -1]
24: 准确率为0.5588235294117647, kendall系数为0.10825486103524815, spearman系数为0.11527446382791784
human_scores is [1, -1, 1, -1, 1, -1, 0, 0, 1, -1, 1, -1, 1, -1, 1, -1, -1, 1, 1, -1, 1, -1, 0, 0, -1, 1, 0, 0, 1, -1, -1, 1, 0, 0, 1, -1, 1, -1, 1, -1, 1, -1]
model_scores is [-1, 1, 1, -1, 1, 1, 1, -1, 1, -1, 1, -1, 1, -1, -1, -1, 1, -1, 1, -1, 1, -1, -1, 1, 1, 1, -1, 1, -1, 1, 1, -1, 1, -1, 1, 0, -1, -1, -1, 1, 1, 1]
25: 准确率为0.5441176470588235, kendall系数为0.0768558329315868, spearman系数为0.08242019407427993
human_scores is [-1, 1, 0, 0, -1, 1, -1, 1, -1, 1, -1, 1, 1, -1, 0, 0, -1, 1, 0, 0, 0, 0, -1, 1, -1, 1, -1, 1, -1, 1, -1, 1, 0, 0, 0, 0, 1, -1, 1, -1, 0, 0]
model_scores is [1, 1, -1, 0, 0, 1, -1, -1, 0, -1, -1, -1, -1, -1, 1, -1, -1, -1, -1, -1, 1, -1, -1, -1, -1, -1, -1, -1, -1, 1, -1, -1, 0, -1, -1, -1, 0, -1, -1, -1, -1, 1]
26: 准确率为0.5535714285714286, kendall系数为0.08299898482487526, spearman系数为0.08944323299536618
human_scores is [1, -1, 1, -1, 1, -1, 1, -1, 1, -1, 1, -1, 1, -1, -1, 1, 1, -1, 0, 0, 1, -1, -1, 1, 0, 0, -1, 1, 0, 0, 1, -1, 1, -1, 1, -1, -1, 1, 0, 0, 1, -1]
model_scores is [-1, -1, 1, -1, 0, 0, 1, -1, -1, -1, 1, -1, 0, -1, -1, 0, 0, -1, -1, -1, 1, -1, -1, 1, 0, 0, -1, -1, 1, -1, -1, -1, 1, 0, 1, -1, 0, -1, 1, 1, -1, -1]
27: 准确率为0.7205882352941176, kendall系数为0.42667897846919883, spearman系数为0.47097882646358397
human_scores is [-1, 1, 0, 0, 1, -1, 1, -1, 1, -1, 1, -1, 1, -1, 1, -1, 1, -1, 1, -1, 1, -1, 1, -1, 1, -1, 1, -1, 1, -1, 0, 0, 1, -1, 1, -1, 1, -1, 1, -1, 0, 0]
model_scores is [-1, -1, 1, -1, 1, -1, 0, -1, 1, -1, 1, -1, 1, -1, 1, -1, 1, -1, 1, -1, 1, 1, 0, 1, 1, -1, 1, -1, 0, -1, 1, -1, 1, -1, 1, -1, 1, -1, -1, -1, -1, 1]
28: 准确率为0.8472222222222222, kendall系数为0.6208769729086556, spearman系数为0.6740377757046878
human_scores is [-1, 1, 1, -1, -1, 1, 1, -1, 1, -1, 1, -1, 1, -1, 0, 0, 1, -1, 1, -1, 1, -1, -1, 1, 1, -1, 1, -1, 1, -1, 1, -1, 1, -1, 1, -1, 0, 0, 0, 0, 0, 0]
model_scores is [1, 1, 1, 1, 1, 0, 1, -1, 1, -1, 1, -1, 0, -1, 0, 1, 1, 1, 1, 1, 1, 1, -1, 1, 0, -1, 1, 1, 1, -1, 1, -1, 1, -1, 1, -1, 1, -1, 1, 1, 0, -1]
29: 准确率为0.75, kendall系数为0.44285309066901646, spearman系数为0.4744147552695394
human_scores is [1, -1, 1, -1, 0, 0, -1, 1, 1, -1, 1, -1, 1, -1, -1, 1, -1, 1, 0, 0, 1, -1, -1, 1, -1, 1, -1, 1, 0, 0, -1, 1, 1, -1, 1, -1, 1, -1, 1, -1, 1, -1]
model_scores is [-1, 1, 0, 0, 0, 0, -1, -1, 1, -1, 1, -1, 0, 0, 0, 1, 0, -1, 1, -1, 1, -1, 0, 0, 0, 0, 1, -1, 0, 0, 0, -1, 1, 0, -1, 0, 0, -1, -1, 0, 1, -1]
30: 准确率为0.5416666666666666, kendall系数为0.08524065546511297, spearman系数为0.09031833800032697
human_scores is [-1, 1, 0, 0, 1, -1, 1, -1, 1, -1, 1, -1, 1, -1, 1, -1, 1, -1, 1, -1, 1, -1, 1, -1, 1, -1, 1, -1, 1, -1, 0, 0, 1, -1, 0, 0, 1, -1, 0, 0, -1, 1]
model_scores is [-1, 1, -1, 1, 1, -1, -1, -1, -1, -1, 1, 0, -1, -1, 1, -1, -1, -1, 1, -1, 1, 0, 1, -1, -1, 0, -1, -1, 1, -1, -1, 0, -1, -1, 1, 0, 0, -1, -1, -1, 1, -1]
31: 准确率为0.6764705882352942, kendall系数为0.3162903278104334, spearman系数为0.34115720390247256
human_scores is [1, -1, -1, 1, 1, -1, -1, 1, 0, 0, 1, -1, -1, 1, -1, 1, -1, 1, -1, 1, 0, 0, 1, -1, 0, 0, 1, -1, 1, -1, -1, 1, -1, 1, 1, -1, 1, -1, 1, -1, 1, -1]
model_scores is [0, -1, 1, -1, 0, -1, 1, 1, 1, -1, 0, -1, 1, -1, -1, -1, -1, 1, 1, -1, 0, 1, -1, 1, -1, 1, 1, -1, -1, 1, 1, -1, 1, -1, -1, -1, -1, -1, 1, -1, -1, 1]
32: 准确率为0.4027777777777778, kendall系数为0.17059954105963757, spearman系数为0.1802182911877495
human_scores is [0, 0, 1, -1, 1, -1, 1, -1, 1, -1, 1, -1, 1, -1, 1, -1, 1, -1, 1, -1, 1, -1, -1, 1, 0, 0, 0, 0, 0, 0, 1, -1, 1, -1, 1, -1, 0, 0, 0, 0, 0, 0]
model_scores is [1, -1, 1, -1, -1, -1, 1, -1, 1, -1, -1, -1, 1, -1, 1, -1, -1, -1, 1, -1, 1, -1, -1, -1, -1, -1, 1, 1, 1, -1, -1, -1, -1, -1, 1, -1, -1, -1, 1, 1, -1, 0]
33: 准确率为0.7857142857142857, kendall系数为0.4674038769276866, spearman系数为0.49540781510652876
human_scores is [-1, 1, 1, -1, 0, 0, 1, -1, 1, -1, 1, -1, 1, -1, 1, -1, 1, -1, 1, -1, 1, -1, -1, 1, 0, 0, -1, 1, 0, 0, 1, -1, 1, -1, 1, -1, -1, 1, 0, 0, 1, -1]
model_scores is [-1, -1, 1, -1, -1, -1, -1, -1, -1, -1, 1, -1, 1, 0, 0, 1, 0, -1, 1, 1, 1, -1, 1, 1, 0, 1, 1, 0, -1, 1, -1, -1, -1, -1, -1, 1, -1, 0, 1, 1, 1, 0]
34: 准确率为0.5882352941176471, kendall系数为0.1585678250280048, spearman系数为0.17781450551042377
human_scores is [1, -1, 1, -1, 1, -1, 1, -1, 1, -1, 1, -1, 0, 0, -1, 1, 0, 0, -1, 1, 0, 0, -1, 1, 0, 0, -1, 1, 0, 0, 1, -1, 0, 0, 1, -1, -1, 1, 0, 0, 1, -1]
model_scores is [1, -1, 1, 0, -1, 1, 1, 0, -1, -1, 1, 1, 0, -1, -1, 1, -1, 0, -1, -1, -1, -1, 0, 0, 0, 0, -1, -1, 0, 0, 0, -1, 1, -1, 1, -1, -1, -1, 0, -1, 0, 0]
35: 准确率为0.625, kendall系数为0.22768186238962376, spearman系数为0.24760217080421412
human_scores is [1, -1, 1, -1, 1, -1, 1, -1, 1, -1, 1, -1, 0, 0, 1, -1, 1, -1, 1, -1, 1, -1, 1, -1, 1, -1, 1, -1, 1, -1, 0, 0, 0, 0, 0, 0, 0, 0, 0, 0, 0, 0]
model_scores is [0, -1, 0, -1, -1, 0, 0, 1, 0, -1, 1, -1, 1, -1, -1, -1, -1, -1, 1, -1, 0, -1, 1, 1, -1, 0, 1, 0, -1, 0, -1, -1, 1, -1, -1, -1, -1, -1, 0, 0, 1, 1]
36: 准确率为0.5892857142857143, kendall系数为0.1581168111246263, spearman系数为0.18069019529416747
human_scores is [1, -1, 0, 0, 1, -1, 1, -1, 1, -1, 1, -1, -1, 1, 0, 0, 1, -1, 1, -1, 1, -1, 1, -1, 1, -1, 1, -1, 1, -1, 1, -1, 1, -1, 1, -1, 1, -1, 1, -1, 0, 0]
model_scores is [1, -1, 1, -1, 1, -1, 1, -1, 1, -1, 1, -1, -1, 1, -1, 1, 1, -1, 1, -1, 1, -1, 1, 1, 1, -1, 1, 1, -1, 1, 1, -1, 1, 0, 1, -1, 0, 1, -1, 1, -1, 1]
37: 准确率为0.7777777777777778, kendall系数为0.49571570156128447, spearman系数为0.5320159167473418
human_scores is [1, -1, 1, -1, 1, -1, 1, -1, 1, -1, 1, -1, 0, 0, 0, 0, 1, -1, 1, -1, 1, -1, 0, 0, 1, -1, 1, -1, 1, -1, 1, -1, 1, -1, 1, -1, 0, 0, 0, 0, 0, 0]
model_scores is [-1, -1, -1, -1, 1, -1, 1, -1, 1, -1, 1, 0, -1, 0, 0, -1, 1, 1, -1, 1, -1, -1, -1, 0, 0, -1, 1, -1, 1, -1, 1, -1, 1, -1, 1, -1, -1, -1, -1, 1, 0, 1]
38: 准确率为0.7666666666666667, kendall系数为0.46237717665052414, spearman系数为0.49377071987869414
human_scores is [1, -1, 1, -1, 1, -1, 1, -1, 1, -1, 1, -1, 0, 0, 0, 0, 1, -1, 1, -1, 1, -1, 0, 0, 1, -1, 1, -1, 1, -1, 1, -1, 1, -1, 1, -1, 0, 0, 0, 0, 0, 0]
model_scores is [1, -1, -1, -1, 1, -1, 0, -1, 1, -1, -1, -1, -1, -1, -1, 1, -1, -1, 1, -1, 1, -1, -1, 1, -1, -1, -1, -1, 1, -1, 1, -1, 0, -1, 1, -1, -1, -1, -1, -1, 1, -1]
39: 准确率为0.8, kendall系数为0.5464363050116096, spearman系数为0.5953292143420575
human_scores is [-1, 1, 0, 0, 0, 0, 0, 0, 1, -1, 1, -1, 1, -1, 1, -1, 1, -1, 1, -1, 1, -1, 0, 0, 0, 0, 1, -1, 1, -1, 0, 0, 1, -1, 1, -1, 1, -1, 1, -1, 0, 0]
model_scores is [-1, 1, -1, -1, 1, -1, -1, -1, -1, -1, -1, -1, 1, -1, -1, -1, 0, -1, -1, -1, 1, -1, -1, -1, -1, -1, 1, -1, 0, -1, -1, -1, -1, -1, -1, 0, 1, -1, 1, -1, 1, -1]
40: 准确率为0.7321428571428571, kendall系数为0.4317127751539282, spearman系数为0.47569267431942613
human_scores is [1, -1, 1, -1, 1, -1, 1, -1, 1, -1, 1, -1, 1, -1, 1, -1, 1, -1, 1, -1, 1, -1, 0, 0, 1, -1, 1, -1, 1, -1, 1, -1, 1, -1, 1, -1, 0, 0, 0, 0, 0, 0]
model_scores is [1, -1, 1, -1, 1, -1, 1, -1, 1, -1, 1, -1, 1, -1, 1, -1, 0, -1, 1, -1, -1, 1, 1, -1, 1, -1, -1, -1, -1, 1, 1, -1, 1, -1, -1, 1, -1, -1, -1, 1, -1, 1]
41: 准确率为0.7794117647058824, kendall系数为0.4829505860182656, spearman系数为0.5154992213914136
human_scores is [1, -1, 0, 0, -1, 1, 1, -1, 1, -1, 1, -1, -1, 1, -1, 1, 0, 0, 1, -1, 1, -1, -1, 1, 1, -1, 1, -1, 1, -1, 1, -1, 1, -1, 1, -1, 1, -1, 1, -1, 0, 0]
model_scores is [-1, -1, -1, 0, -1, -1, -1, 0, 1, -1, 1, -1, 0, -1, 1, 1, 1, 0, 1, 0, 1, -1, -1, 1, -1, -1, -1, -1, 1, -1, 1, -1, 1, -1, 1, -1, 0, -1, -1, -1, -1, 1]
42: 准确率为0.7222222222222222, kendall系数为0.4152824905116593, spearman系数为0.44258154650839454
human_scores is [1, -1, 1, -1, 0, 0, 1, -1, 1, -1, 1, -1, -1, 1, -1, 1, 1, -1, 1, -1, 1, -1, -1, 1, 1, -1, 1, -1, 1, -1, 1, -1, 1, -1, 1, -1, 1, -1, 0, 0, -1, 1]
model_scores is [1, -1, 1, -1, -1, -1, 1, -1, 1, -1, 1, -1, 1, -1, 1, -1, -1, -1, 1, 1, -1, 1, -1, 1, -1, 1, -1, 1, -1, 1, 0, -1, 1, 1, 0, 1, -1, -1, -1, 1, -1, 0]
43: 准确率为0.5131578947368421, kendall系数为0.03175109450529303, spearman系数为0.031240961677323605
human_scores is [0, 0, -1, 1, 0, 0, 1, -1, 1, -1, 1, -1, -1, 1, 0, 0, 1, -1, 1, -1, 1, -1, 1, -1, 1, -1, 1, -1, 1, -1, 1, -1, 1, -1, 1, -1, 0, 0, 0, 0, 0, 0]
model_scores is [1, 0, -1, 1, -1, -1, 1, -1, 1, -1, 1, 1, 0, -1, 0, 1, 1, 1, 0, -1, 1, -1, 1, -1, 1, -1, 1, -1, 1, -1, 1, 1, 1, 1, 1, 1, 1, -1, -1, 0, 1, 1]
44: 准确率为0.7666666666666667, kendall系数为0.4553756122096907, spearman系数为0.48929473136973006
human_scores is [1, -1, 1, -1, 1, -1, 1, -1, 1, -1, 1, -1, -1, 1, 1, -1, 1, -1, 1, -1, 1, -1, 1, -1, 1, -1, 1, -1, 1, -1, 0, 0, 1, -1, 1, -1, 1, -1, 1, -1, 0, 0]
model_scores is [1, 0, -1, 1, 0, -1, 1, -1, 1, -1, 1, -1, -1, 1, 1, -1, 0, -1, 1, -1, 1, -1, 1, -1, 1, 0, 0, 1, 1, -1, 0, 1, -1, -1, 1, -1, -1, -1, 1, -1, 0, -1]
45: 准确率为0.8026315789473685, kendall系数为0.5973301105211217, spearman系数为0.6335370752686341
human_scores is [-1, 1, 0, 0, 1, -1, 0, 0, -1, 1, 0, 0, 1, -1, 1, -1, 1, -1, 0, 0, 1, -1, 1, -1, 0, 0, -1, 1, 0, 0, -1, 1, -1, 1, -1, 1, -1, 1, 0, 0, 1, -1]
model_scores is [-1, -1, 1, 0, -1, 0, 1, -1, 1, -1, -1, -1, -1, 1, -1, 1, 0, 0, -1, -1, 1, -1, 1, -1, 1, -1, 1, -1, 1, -1, 0, 0, -1, -1, 1, -1, 1, -1, -1, -1, -1, 0]
46: 准确率为0.32142857142857145, kendall系数为0.30353009444561685, spearman系数为0.34252281109273386
human_scores is [1, -1, 1, -1, 1, -1, 1, -1, 1, -1, 1, -1, 0, 0, 0, 0, 1, -1, 0, 0, 1, -1, 0, 0, 1, -1, 0, 0, 1, -1, 1, -1, 0, 0, 1, -1, -1, 1, 0, 0, 1, -1]
model_scores is [1, -1, 1, 0, -1, 0, 1, -1, 1, -1, 1, -1, -1, 1, -1, 1, -1, -1, 1, -1, 1, -1, -1, 1, 1, -1, 1, -1, 1, -1, 1, -1, 1, -1, 1, -1, 1, -1, 0, -1, -1, -1]
47: 准确率为0.7857142857142857, kendall系数为0.4410815955569519, spearman系数为0.4804321162401805
human_scores is [0, 0, 1, -1, 0, 0, 1, -1, 1, -1, 1, -1, 1, -1, 0, 0, 1, -1, 1, -1, 1, -1, -1, 1, 1, -1, 1, -1, 1, -1, 1, -1, 1, -1, 1, -1, 1, -1, 1, -1, 0, 0]
model_scores is [-1, 0, 0, -1, 1, -1, -1, -1, 1, 0, 1, -1, 0, -1, -1, 0, 0, 1, 1, 1, 1, 1, 1, -1, -1, 0, -1, -1, -1, -1, 1, -1, 1, -1, 1, -1, -1, 1, -1, 0, 0, -1]
48: 准确率为0.5588235294117647, kendall系数为0.11091305335945742, spearman系数为0.1205572697368615
human_scores is [1, -1, 1, -1, 0, 0, 1, -1, 1, -1, 1, -1, -1, 1, -1, 1, -1, 1, 1, -1, 1, -1, -1, 1, 0, 0, 1, -1, 1, -1, 1, -1, 1, -1, 1, -1, 1, -1, 1, -1, 0, 0]
model_scores is [1, -1, -1, -1, -1, -1, 0, -1, 1, -1, 0, -1, -1, 1, -1, 0, -1, 0, 0, 0, 0, 1, 0, 0, 1, 0, 0, -1, 1, 1, -1, 1, 1, -1, 0, 0, 0, 0, -1, 1, -1, 1]
49: 准确率为0.6111111111111112, kendall系数为0.24458826763930064, spearman系数为0.2745399942389534
human_scores is [1, -1, 1, -1, 0, 0, 1, -1, 1, -1, 1, -1, 1, -1, -1, 1, 1, -1, 1, -1, 1, -1, -1, 1, 0, 0, 1, -1, 0, 0, 1, -1, 1, -1, 1, -1, 1, -1, 0, 0, -1, 1]
model_scores is [-1, -1, 1, -1, 1, -1, 1, -1, 1, -1, -1, -1, -1, 1, -1, 1, -1, -1, 0, -1, -1, -1, -1, 1, -1, -1, 1, -1, 1, -1, 1, -1, 1, -1, 1, -1, 1, -1, 1, -1, -1, 1]
50: 准确率为0.8088235294117647, kendall系数为0.5511238748080983, spearman系数为0.5889018786785196
human_scores is [1, -1, 1, -1, 1, -1, 1, -1, 1, -1, 1, -1, -1, 1, 0, 0, 0, 0, 0, 0, 0, 0, 1, -1, 1, -1, 1, -1, 1, -1, 0, 0, 0, 0, 0, 0, 0, 0, 0, 0, 0, 0]
model_scores is [-1, -1, 1, -1, -1, -1, 1, -1, 1, -1, 1, -1, -1, -1, -1, -1, -1, 1, -1, -1, 0, -1, 0, 0, -1, 0, 1, -1, 0, -1, -1, 0, 1, 1, 1, -1, -1, -1, 0, -1, 0, -1]
51: 准确率为0.7272727272727273, kendall系数为0.3503580523387266, spearman系数为0.38592932432461613
human_scores is [-1, 1, 0, 0, 1, -1, 0, 0, 1, -1, 1, -1, 1, -1, 1, -1, 1, -1, 1, -1, 1, -1, 1, -1, 0, 0, 1, -1, 1, -1, -1, 1, 1, -1, 1, -1, 1, -1, 1, -1, 0, 0]
model_scores is [-1, -1, 1, -1, 1, 0, 1, -1, 1, -1, 1, -1, 1, -1, 1, -1, -1, -1, 1, -1, 1, -1, 0, 1, 1, 0, -1, -1, -1, -1, 1, -1, 1, -1, 1, -1, 1, -1, 1, -1, -1, 1]
52: 准确率为0.7647058823529411, kendall系数为0.4630033111923815, spearman系数为0.4973913851739381
human_scores is [1, -1, 1, -1, -1, 1, 1, -1, 1, -1, 1, -1, 0, 0, -1, 1, 1, -1, 1, -1, 0, 0, -1, 1, 1, -1, 1, -1, 0, 0, 1, -1, 1, -1, 1, -1, 0, 0, -1, 1, -1, 1]
model_scores is [-1, -1, 1, -1, -1, 1, 1, 1, 1, -1, 1, -1, -1, -1, -1, 1, -1, -1, 1, 0, 1, 0, -1, 1, 1, -1, 1, 0, 0, -1, 1, -1, 1, -1, 1, -1, -1, -1, -1, 0, -1, 1]
53: 准确率为0.8676470588235294, kendall系数为0.6547914044843103, spearman系数为0.7058610603193313
human_scores is [1, -1, 1, -1, 0, 0, 1, -1, 1, -1, 1, -1, 1, -1, -1, 1, 1, -1, 1, -1, 1, -1, -1, 1, 1, -1, 1, -1, 1, -1, 1, -1, 1, -1, 1, -1, -1, 1, 0, 0, 1, -1]
model_scores is [0, 1, 1, 1, 1, -1, -1, -1, 1, -1, -1, -1, -1, -1, -1, 0, 0, 0, 1, 1, -1, -1, 1, 0, -1, -1, 1, -1, 0, -1, -1, 1, 1, -1, -1, 1, 0, 0, 1, -1, -1, -1]
54: 准确率为0.5263157894736842, kendall系数为0.06619285459953941, spearman系数为0.07440532746459043
human_scores is [0, 0, 1, -1, 1, -1, 1, -1, 1, -1, 1, -1, 1, -1, 1, -1, 1, -1, 1, -1, 1, -1, 0, 0, 0, 0, 1, -1, 1, -1, 0, 0, 1, -1, 1, -1, 1, -1, 1, -1, 0, 0]
model_scores is [-1, -1, -1, 1, -1, -1, 1, -1, 1, -1, 1, -1, -1, -1, -1, -1, 0, -1, 1, -1, 1, -1, 1, -1, 0, -1, -1, -1, -1, -1, 1, -1, -1, -1, -1, -1, -1, -1, -1, -1, 1, -1]
55: 准确率为0.640625, kendall系数为0.2858807325666823, spearman系数为0.3066111815747538
human_scores is [0, 0, 0, 0, 0, 0, 1, -1, 1, -1, 1, -1, 0, 0, 0, 0, 1, -1, 1, -1, 1, -1, 0, 0, 1, -1, 1, -1, 1, -1, 1, -1, 1, -1, 1, -1, 0, 0, 0, 0, 0, 0]
model_scores is [1, -1, -1, -1, 0, 1, 1, 1, -1, 1, 1, -1, 1, 1, 1, -1, 1, -1, -1, -1, -1, 1, -1, 1, 1, 1, -1, -1, -1, -1, -1, -1, 1, -1, 1, -1, 0, 0, -1, -1, 0, -1]
56: 准确率为0.5833333333333334, kendall系数为0.12620669756975597, spearman系数为0.13359454844348687
human_scores is [1, -1, 0, 0, 0, 0, 1, -1, 1, -1, 1, -1, -1, 1, -1, 1, 0, 0, 1, -1, 1, -1, 0, 0, 1, -1, 1, -1, 1, -1, 1, -1, 1, -1, 1, -1, 1, -1, 1, -1, 0, 0]
model_scores is [-1, 0, 1, -1, -1, 1, 1, -1, 1, -1, 0, -1, 0, 0, -1, 1, -1, -1, 1, -1, 0, 1, 0, -1, 0, 1, 1, 0, 1, 1, 1, -1, 1, -1, 1, -1, 1, -1, 1, 0, 0, 1]
57: 准确率为0.75, kendall系数为0.44483074998842614, spearman系数为0.5003702332976756
human_scores is [0, 0, 1, -1, 1, -1, 1, -1, 1, -1, 1, -1, 1, -1, 1, -1, 1, -1, 1, -1, 1, -1, 0, 0, -1, 1, 1, -1, 1, -1, -1, 1, 1, -1, 1, -1, 1, -1, 1, -1, 0, 0]
model_scores is [1, -1, 1, -1, -1, -1, 1, -1, 1, -1, 0, -1, -1, 1, -1, -1, -1, 1, 0, -1, -1, 1, 1, 0, 1, -1, 1, 1, 0, 0, 1, -1, 1, -1, -1, -1, 1, 1, -1, -1, -1, 1]
58: 准确率为0.5, kendall系数为0.003770632913318503, spearman系数为0.005863022631291335
human_scores is [1, -1, 1, -1, 1, -1, -1, 1, 1, -1, 1, -1, 0, 0, 0, 0, -1, 1, 1, -1, 1, -1, 0, 0, -1, 1, 1, -1, 1, -1, -1, 1, 1, -1, 1, -1, 1, -1, 1, -1, 0, 0]
model_scores is [-1, 1, -1, -1, 1, 1, -1, -1, -1, 1, 1, -1, -1, -1, 1, -1, 1, -1, 0, -1, 1, -1, -1, 1, 1, -1, 1, 1, 1, -1, 1, -1, -1, -1, 1, -1, 1, -1, 1, 0, -1, -1]
59: 准确率为0.5294117647058824, kendall系数为0.0505803073246213, spearman系数为0.05474398619727835
human_scores is [-1, 1, 1, -1, -1, 1, 1, -1, 1, -1, 1, -1, 1, -1, 0, 0, 1, -1, 1, -1, 1, -1, -1, 1, -1, 1, -1, 1, -1, 1, 1, -1, 1, -1, 1, -1, 0, 0, 0, 0, 0, 0]
model_scores is [1, -1, 1, -1, -1, 1, 1, -1, 1, -1, 1, -1, -1, 1, -1, 1, -1, 1, 0, 1, -1, 0, -1, 1, -1, 1, -1, 0, 0, -1, 1, -1, 1, -1, 1, -1, -1, -1, -1, -1, 1, 0]
60: 准确率为0.6764705882352942, kendall系数为0.3107484631450964, spearman系数为0.340261229077011
human_scores is [1, -1, 0, 0, 0, 0, 1, -1, 1, -1, 1, -1, -1, 1, -1, 1, -1, 1, 0, 0, 0, 0, 0, 0, 1, -1, 1, -1, 1, -1, 1, -1, 1, -1, 1, -1, 1, -1, 1, -1, 0, 0]
model_scores is [-1, 1, -1, 1, -1, 0, 1, 0, 1, -1, 0, -1, 0, 1, 0, -1, 0, -1, 1, -1, 1, -1, -1, -1, -1, -1, 1, 0, 1, -1, -1, -1, -1, -1, -1, 0, 1, 0, 1, -1, -1, -1]
61: 准确率为0.6, kendall系数为0.12822130148687413, spearman系数为0.15316791621349674
human_scores is [0, 0, -1, 1, -1, 1, 0, 0, 1, -1, 1, -1, -1, 1, -1, 1, 0, 0, 1, -1, 1, -1, 0, 0, 1, -1, 1, -1, 1, -1, 1, -1, 1, -1, 1, -1, 1, -1, 1, -1, 0, 0]
model_scores is [1, 0, -1, 0, -1, 1, 0, 1, 1, -1, 1, -1, -1, 1, -1, 1, -1, 1, 1, -1, -1, 0, -1, 0, -1, -1, 1, 1, 1, 1, 0, 0, 1, -1, 1, -1, 1, -1, 1, -1, -1, 1]
62: 准确率为0.8125, kendall系数为0.5502685003379773, spearman系数为0.5977387946809766
human_scores is [0, 0, 1, -1, 1, -1, 1, -1, 1, -1, 1, -1, 1, -1, 1, -1, 1, -1, 1, -1, 1, -1, 1, -1, 1, -1, 1, -1, 1, -1, 1, -1, 1, -1, 1, -1, 1, -1, 1, -1, 0, 0]
model_scores is [-1, 1, -1, 0, 1, 0, 1, -1, -1, -1, -1, 0, 1, -1, 1, 1, 1, -1, 1, -1, 1, -1, 0, -1, -1, -1, 0, -1, 0, 1, -1, -1, 0, -1, 1, -1, 1, -1, -1, -1, -1, -1]
63: 准确率为0.6973684210526315, kendall系数为0.3907273620151807, spearman系数为0.4283961739896061
human_scores is [1, -1, 1, -1, 1, -1, 1, -1, 1, -1, 1, -1, 1, -1, 1, -1, 1, -1, 1, -1, 1, -1, 0, 0, 0, 0, 1, -1, 1, -1, 0, 0, 1, -1, 1, -1, 1, -1, 1, -1, 0, 0]
model_scores is [1, -1, -1, -1, -1, -1, 1, -1, 1, -1, -1, -1, -1, -1, 1, -1, 0, -1, -1, -1, 0, 0, 0, -1, -1, -1, 1, 0, 0, -1, 1, -1, -1, -1, 1, -1, -1, -1, -1, 0, -1, -1]
64: 准确率为0.6764705882352942, kendall系数为0.34982313133433496, spearman系数为0.3850133687518488
human_scores is [1, -1, 1, -1, 1, -1, 1, -1, 1, -1, 1, -1, 1, -1, 0, 0, 1, -1, 1, -1, 1, -1, -1, 1, 1, -1, 1, -1, 1, -1, 1, -1, 1, -1, 1, -1, 0, 0, 0, 0, 0, 0]
model_scores is [1, 1, 1, -1, 0, -1, 0, -1, 1, -1, 1, -1, 0, 1, -1, -1, 1, 1, 1, -1, 1, -1, -1, -1, 0, -1, -1, -1, 1, -1, 1, 1, 0, -1, 1, -1, -1, -1, 1, 1, -1, -1]
65: 准确率为0.75, kendall系数为0.4531748420865989, spearman系数为0.4971192424813068
human_scores is [0, 0, 0, 0, 0, 0, 0, 0, 1, -1, 1, -1, 0, 0, 0, 0, 0, 0, 1, -1, 1, -1, 0, 0, 0, 0, 1, -1, 1, -1, 0, 0, 1, -1, 1, -1, 1, -1, 1, -1, 1, -1]
model_scores is [1, -1, 0, 0, -1, -1, -1, -1, 1, -1, 1, -1, -1, -1, -1, 1, -1, -1, 1, -1, 0, -1, -1, -1, 1, -1, 1, -1, 1, -1, -1, 1, 1, -1, 1, -1, 1, -1, 1, 1, 1, -1]
66: 准确率为0.9318181818181818, kendall系数为0.6243985734711635, spearman系数为0.6689936080056725
human_scores is [0, 0, 1, -1, 0, 0, 1, -1, 1, -1, 1, -1, 1, -1, 0, 0, 1, -1, 1, -1, 1, -1, -1, 1, 0, 0, 1, -1, 1, -1, 1, -1, 1, -1, 1, -1, 1, -1, 1, -1, 0, 0]
model_scores is [1, 1, 0, 0, 1, 1, -1, 1, -1, 1, 1, -1, 1, 1, -1, -1, 1, -1, -1, 1, -1, -1, 1, 1, 0, 0, 1, 1, 1, 0, 1, -1, 1, -1, 1, -1, 1, -1, 1, 0, -1, 1]
67: 准确率为0.625, kendall系数为0.22752709808881194, spearman系数为0.24900596027799865
human_scores is [0, 0, 1, -1, 1, -1, 1, -1, 1, -1, 1, -1, 1, -1, 1, -1, 1, -1, 1, -1, 1, -1, 1, -1, 0, 0, 1, -1, 1, -1, -1, 1, 0, 0, 1, -1, 1, -1, 1, -1, 1, -1]
model_scores is [-1, -1, 1, -1, 1, 0, 1, -1, 1, 1, 1, -1, 1, -1, -1, -1, 1, -1, -1, 0, 1, -1, -1, -1, 1, 0, -1, -1, -1, -1, 1, -1, 0, -1, 0, 0, -1, 0, -1, -1, -1, -1]
68: 准确率为0.625, kendall系数为0.22316705927572744, spearman系数为0.23971415816377625
human_scores is [1, -1, 1, -1, 0, 0, 1, -1, 1, -1, 1, -1, 0, 0, -1, 1, 0, 0, 1, -1, 1, -1, -1, 1, 0, 0, 1, -1, 1, -1, 1, -1, 1, -1, 1, -1, 1, -1, 1, -1, 0, 0]
model_scores is [0, -1, 1, -1, 1, 1, 1, -1, 1, -1, 1, -1, 0, -1, -1, 1, 1, 1, 1, -1, -1, -1, -1, 1, -1, 1, 1, -1, 1, -1, 1, -1, 1, -1, 1, -1, 1, 0, -1, -1, -1, -1]
69: 准确率为0.90625, kendall系数为0.681690972046167, spearman系数为0.7376210554401029
human_scores is [0, 0, 1, -1, 0, 0, 1, -1, 1, -1, 1, -1, 1, -1, 0, 0, 1, -1, 1, -1, 1, -1, -1, 1, 1, -1, 1, -1, 1, -1, 1, -1, 1, -1, 1, -1, 0, 0, 0, 0, 0, 0]
model_scores is [1, -1, 1, -1, 0, -1, -1, -1, 1, 0, -1, 0, -1, -1, 1, -1, 0, 0, -1, -1, -1, 0, 0, -1, -1, -1, -1, -1, 1, -1, -1, -1, -1, -1, -1, -1, 0, -1, 0, 0, -1, 0]
70: 准确率为0.5333333333333333, kendall系数为0.020955802587245338, spearman系数为0.014824851697091072
human_scores is [1, -1, 1, -1, 1, -1, 1, -1, 1, -1, 1, -1, 1, -1, 0, 0, 1, -1, 1, -1, 1, -1, -1, 1, 0, 0, 1, -1, 1, -1, 1, -1, 1, -1, 1, -1, 1, -1, 1, -1, 0, 0]
model_scores is [-1, -1, -1, -1, -1, 1, -1, 0, 1, -1, 1, -1, 1, -1, 1, 0, 1, -1, 1, -1, 1, -1, -1, 1, -1, -1, -1, -1, -1, -1, 1, -1, 1, -1, 1, -1, 0, -1, 1, -1, 1, 1]
71: 准确率为0.7777777777777778, kendall系数为0.5122916515397118, spearman系数为0.5447670420505112
human_scores is [0, 0, 1, -1, 0, 0, 1, -1, 1, -1, 1, -1, 1, -1, 0, 0, 1, -1, 1, -1, 1, -1, -1, 1, 0, 0, 0, 0, 0, 0, 1, -1, 1, -1, 1, -1, 0, 0, 0, 0, 0, 0]
model_scores is [1, 1, 1, -1, 1, 1, -1, -1, 0, -1, 1, 1, 1, 1, 1, 1, 1, -1, 1, -1, 0, -1, 1, 1, -1, -1, 1, -1, 1, -1, 1, 1, 1, 1, 1, 1, 0, -1, 0, 0, 0, -1]
72: 准确率为0.6666666666666666, kendall系数为0.2460310624919044, spearman系数为0.2637780888371284
human_scores is [1, -1, 1, -1, 1, -1, 1, -1, 1, -1, 1, -1, 0, 0, 0, 0, 0, 0, 1, -1, 1, -1, 0, 0, 0, 0, 1, -1, 1, -1, 0, 0, 1, -1, 1, -1, 1, -1, 1, -1, 0, 0]
model_scores is [0, 1, 0, 1, -1, 1, 0, -1, 1, -1, 1, -1, -1, 1, 0, 1, -1, 0, 0, 1, -1, -1, 0, 1, -1, 0, -1, -1, 0, -1, 0, 0, 0, -1, 1, -1, -1, -1, -1, -1, 0, -1]
73: 准确率为0.5714285714285714, kendall系数为0.15760180961488338, spearman系数为0.1772162920196874
human_scores is [-1, 1, -1, 1, -1, 1, 1, -1, 1, -1, 1, -1, 0, 0, 0, 0, 1, -1, 1, -1, 1, -1, 0, 0, 1, -1, 1, -1, 1, -1, 1, -1, 1, -1, 1, -1, 0, 0, 0, 0, 0, 0]
model_scores is [0, 1, -1, 1, -1, -1, 0, -1, 0, -1, -1, -1, 1, -1, -1, -1, -1, -1, 0, -1, -1, -1, -1, -1, 1, 0, 0, 1, -1, -1, 1, -1, -1, -1, 1, -1, 1, 0, -1, 1, -1, 1]
74: 准确率为0.6666666666666666, kendall系数为0.30476375475813977, spearman系数为0.3440164806162261
human_scores is [-1, 1, -1, 1, -1, 1, 1, -1, 0, 0, 1, -1, 1, -1, 1, -1, 1, -1, 1, -1, 1, -1, 0, 0, 1, -1, 1, -1, 1, -1, 1, -1, 1, -1, 1, -1, -1, 1, 0, 0, 1, -1]
model_scores is [1, -1, 0, -1, 1, -1, 1, -1, 1, -1, 1, -1, 0, 1, -1, -1, 1, -1, 1, -1, 1, -1, 1, -1, 1, -1, 1, -1, 1, -1, 1, -1, 1, -1, 1, -1, 1, -1, 1, -1, -1, 0]
75: 准确率为0.6805555555555556, kendall系数为0.3191423692521127, spearman系数为0.34593473144632125
human_scores is [0, 0, 1, -1, 0, 0, 1, -1, 1, -1, 1, -1, 1, -1, 0, 0, 1, -1, 1, -1, 1, -1, -1, 1, 0, 0, 0, 0, 1, -1, 1, -1, 1, -1, 1, -1, 0, 0, 1, -1, 1, -1]
model_scores is [-1, -1, 1, 0, 1, -1, 1, 0, 1, 1, -1, -1, -1, -1, -1, -1, -1, -1, 1, 1, -1, 0, -1, -1, 1, -1, -1, -1, -1, 0, -1, 1, 1, -1, -1, 1, -1, -1, -1, -1, 1, -1]
76: 准确率为0.5, kendall系数为0.04222656530628055, spearman系数为0.037851664930511265
human_scores is [0, 0, 1, -1, -1, 1, 1, -1, 1, -1, 1, -1, 1, -1, -1, 1, 1, -1, 1, -1, 1, -1, -1, 1, 0, 0, 1, -1, 1, -1, 1, -1, 1, -1, 1, -1, 1, -1, 1, -1, 0, 0]
model_scores is [-1, -1, 1, 1, -1, -1, 0, -1, 1, -1, 1, -1, -1, -1, 0, 1, -1, -1, 1, -1, 1, 0, -1, -1, 0, 0, -1, 1, 1, -1, -1, -1, 1, -1, 1, -1, -1, 1, 1, -1, -1, -1]
77: 准确率为0.6805555555555556, kendall系数为0.33780258948489744, spearman系数为0.3597774098136213
human_scores is [1, -1, 1, -1, 0, 0, 1, -1, 1, -1, 1, -1, 0, 0, -1, 1, 0, 0, -1, 1, 0, 0, -1, 1, 0, 0, -1, 1, 0, 0, 1, -1, 1, -1, 1, -1, -1, 1, 0, 0, 1, -1]
model_scores is [-1, -1, 0, 1, 0, 0, 0, 1, 1, 1, 0, -1, -1, -1, -1, 0, 1, 0, 0, -1, -1, -1, -1, 0, 1, -1, 0, -1, 1, -1, 0, -1, -1, -1, -1, -1, 0, -1, 0, -1, -1, -1]
78: 准确率为0.48214285714285715, kendall系数为0.007158533600026941, spearman系数为0.006631976363466139
human_scores is [1, -1, 1, -1, 1, -1, 1, -1, 1, -1, 1, -1, 0, 0, 0, 0, 1, -1, 1, -1, 1, -1, 0, 0, 1, -1, 1, -1, 1, -1, 1, -1, 1, -1, 1, -1, 0, 0, 0, 0, 0, 0]
model_scores is [-1, -1, 1, -1, 1, -1, 0, -1, 1, -1, 1, -1, -1, 0, -1, 0, -1, -1, 1, -1, 1, -1, -1, 0, -1, -1, 1, -1, 1, -1, 1, -1, 1, -1, -1, -1, 1, -1, -1, -1, -1, 0]
79: 准确率为0.85, kendall系数为0.6401045153922212, spearman系数为0.6752046091129661
human_scores is [0, 0, 0, 0, 0, 0, 1, -1, 1, -1, 1, -1, 0, 0, 0, 0, 1, -1, 1, -1, 1, -1, 0, 0, 1, -1, 1, -1, 1, -1, 1, -1, 1, -1, 1, -1, -1, 1, -1, 1, -1, 1]
model_scores is [-1, -1, 1, -1, 1, -1, 1, -1, 1, -1, 1, -1, 0, -1, -1, -1, 1, 1, 0, -1, 1, -1, 0, 0, -1, 1, 1, 1, 1, -1, -1, 1, -1, 0, -1, 1, 0, -1, 1, -1, 1, -1]
80: 准确率为0.48333333333333334, kendall系数为0.03214490726609441, spearman系数为0.03307984422992488
human_scores is [0, 0, 1, -1, 0, 0, 1, -1, 1, -1, 1, -1, 1, -1, 0, 0, 1, -1, 1, -1, 1, -1, -1, 1, -1, 1, 0, 0, 0, 0, 1, -1, 1, -1, 1, -1, 1, -1, 1, -1, 0, 0]
model_scores is [1, -1, -1, 1, 1, 0, -1, 1, -1, -1, 0, 0, -1, 1, 1, 1, 1, 1, 0, 0, -1, 1, -1, 1, -1, -1, 1, -1, 0, -1, 1, -1, 1, 0, 1, -1, 1, -1, 1, 0, 1, 1]
81: 准确率为0.5333333333333333, kendall系数为0.06306624449407451, spearman系数为0.0678496909547851
human_scores is [-1, 1, 1, -1, 1, -1, 1, -1, 1, -1, 1, -1, 1, -1, 1, -1, 1, -1, 1, -1, 1, -1, 0, 0, 0, 0, 1, -1, 1, -1, 0, 0, 1, -1, 1, -1, 1, -1, 1, -1, 0, 0]
model_scores is [0, -1, 1, -1, 0, -1, 1, -1, 1, -1, 1, -1, -1, 1, -1, 1, -1, -1, 1, 0, 1, -1, -1, 1, -1, 1, -1, -1, 1, -1, 0, -1, 1, -1, -1, -1, 1, -1, 1, -1, 1, -1]
82: 准确率为0.7205882352941176, kendall系数为0.3863407712275688, spearman系数为0.41885570934522043
human_scores is [0, 0, 1, -1, 1, -1, 1, -1, 1, -1, 1, -1, 1, -1, 1, -1, 1, -1, 1, -1, 1, -1, 0, 0, 1, -1, 1, -1, 1, -1, 1, -1, 1, -1, 1, -1, 0, 0, 0, 0, 0, 0]
model_scores is [1, -1, 1, -1, 1, 0, 1, 0, 1, -1, 0, -1, 1, -1, 0, 0, 1, -1, 1, -1, -1, -1, -1, 1, -1, 1, 1, -1, 1, -1, 1, -1, 1, -1, -1, -1, 0, -1, -1, -1, -1, 0]
83: 准确率为0.796875, kendall系数为0.5150818803203462, spearman系数为0.5693040864574422
human_scores is [0, 0, -1, 1, 0, 0, 0, 0, 1, -1, 1, -1, -1, 1, 0, 0, 0, 0, 1, -1, 1, -1, 1, -1, 1, -1, 1, -1, 1, -1, 0, 0, 1, -1, 1, -1, 1, -1, 1, -1, 0, 0]
model_scores is [-1, 1, 1, 1, 1, -1, 1, -1, 1, -1, 1, 0, 0, -1, 1, -1, -1, 1, 1, 0, 1, -1, 1, -1, 0, -1, -1, 1, 1, 0, -1, 1, 1, 1, 1, 1, 1, -1, 1, -1, -1, 1]
84: 准确率为0.6964285714285714, kendall系数为0.31437921527663465, spearman系数为0.3596462384697175
human_scores is [1, -1, 0, 0, 1, -1, 1, -1, 1, -1, 1, -1, -1, 1, 0, 0, 1, -1, 1, -1, 1, -1, 1, -1, 1, -1, 1, -1, 1, -1, 1, -1, 1, -1, 1, -1, 1, -1, 1, -1, 0, 0]
model_scores is [0, 0, 1, -1, -1, 1, 0, -1, 1, 0, 1, -1, 1, 1, -1, 1, 1, -1, 1, -1, 1, -1, -1, 1, -1, -1, 1, -1, 1, -1, 1, -1, 1, -1, 1, -1, -1, 1, 1, 1, -1, -1]
85: 准确率为0.6944444444444444, kendall系数为0.3457927038509223, spearman系数为0.37851664930511253
human_scores is [-1, 1, 0, 0, 0, 0, 1, -1, 1, -1, 1, -1, 1, -1, 1, -1, 1, -1, 1, -1, 1, -1, 0, 0, 1, -1, 1, -1, 1, -1, 1, -1, 1, -1, 1, -1, 0, 0, 0, 0, 0, 0]
model_scores is [1, -1, 1, -1, 1, 0, 0, -1, 1, -1, 1, -1, -1, -1, 1, 1, 1, -1, -1, -1, 1, -1, -1, 0, -1, 0, 1, 1, 0, 0, 0, -1, 1, -1, 1, -1, -1, -1, 1, -1, 1, -1]
86: 准确率为0.6833333333333333, kendall系数为0.30992874987774877, spearman系数为0.34441418663357254
human_scores is [1, -1, 1, -1, 1, -1, 1, -1, 1, -1, 1, -1, 0, 0, 0, 0, 0, 0, 0, 0, 1, -1, 0, 0, 0, 0, 0, 0, 1, -1, 0, 0, 0, 0, 1, -1, 0, 0, 1, -1, 1, -1]
model_scores is [-1, -1, -1, -1, -1, 0, 0, -1, 1, -1, 1, -1, -1, 0, -1, 0, 0, -1, -1, -1, -1, -1, -1, -1, -1, 0, -1, -1, 0, -1, -1, -1, 1, -1, 1, -1, 1, -1, 1, -1, -1, 0]
87: 准确率为0.6818181818181818, kendall系数为0.29788864331803205, spearman系数为0.3257346270808768
human_scores is [-1, 1, -1, 1, -1, 1, -1, 1, 1, -1, -1, 1, 0, 0, 0, 0, 0, 0, 1, -1, 0, 0, 0, 0, 0, 0, 1, -1, 0, 0, 0, 0, 1, -1, 0, 0, 1, -1, 0, 0, -1, 1]
model_scores is [0, -1, 1, 1, -1, 1, 1, -1, -1, -1, 0, 0, -1, -1, 1, 1, 1, -1, -1, -1, 1, -1, -1, 1, -1, -1, -1, -1, 0, -1, -1, -1, 1, -1, -1, -1, -1, -1, -1, -1, -1, 0]
88: 准确率为0.5454545454545454, kendall系数为0.06729639313369275, spearman系数为0.07519085734758602
human_scores is [0, 0, 1, -1, 1, -1, 1, -1, 1, -1, 1, -1, 1, -1, 1, -1, 1, -1, 1, -1, 1, -1, -1, 1, 0, 0, 0, 0, 0, 0, 1, -1, 1, -1, 1, -1, 0, 0, 0, 0, 0, 0]
model_scores is [1, 0, 1, -1, -1, 0, 1, -1, 1, -1, 1, -1, 1, -1, 0, 1, 1, -1, 1, -1, 1, -1, 0, 1, 0, 1, 0, -1, -1, -1, 0, -1, 1, -1, 1, -1, 1, -1, 1, -1, -1, -1]
89: 准确率为0.8571428571428571, kendall系数为0.5808167128928787, spearman系数为0.6400773364645231
human_scores is [1, -1, 1, -1, 1, -1, 1, -1, 1, -1, 1, -1, 0, 0, 0, 0, 0, 0, 1, -1, 1, -1, 0, 0, 0, 0, 1, -1, 1, -1, 0, 0, 1, -1, 1, -1, 1, -1, 1, -1, 0, 0]
model_scores is [-1, 1, 1, -1, 1, -1, 1, -1, 1, -1, 1, -1, 0, 0, -1, -1, -1, 0, -1, -1, 1, -1, 0, 0, 1, -1, -1, 0, 1, -1, 0, 0, -1, -1, 1, -1, -1, -1, 0, 0, -1, -1]
90: 准确率为0.7321428571428571, kendall系数为0.4134951101249611, spearman系数为0.43842376964041807
human_scores is [1, -1, 0, 0, 0, 0, 0, 0, 0, 0, 1, -1, -1, 1, -1, 1, -1, 1, -1, 1, 1, -1, 0, 0, 0, 0, 0, 0, 1, -1, 0, 0, 0, 0, 1, -1, 0, 0, 1, -1, 1, -1]
model_scores is [-1, -1, -1, -1, 0, -1, 1, 0, 1, -1, 1, -1, -1, 1, -1, 0, -1, -1, 1, -1, -1, -1, 1, -1, -1, -1, 1, -1, 1, -1, -1, 1, 1, -1, -1, -1, 1, -1, 1, -1, 1, -1]
91: 准确率为0.7045454545454546, kendall系数为0.30679238046242285, spearman系数为0.3312406680866921
human_scores is [1, -1, 1, -1, 1, -1, 1, -1, 1, -1, 1, -1, 1, -1, 0, 0, 1, -1, 1, -1, 1, -1, -1, 1, 1, -1, 0, 0, 0, 0, 1, -1, 1, -1, 1, -1, -1, 1, -1, 1, 0, 0]
model_scores is [1, -1, 1, -1, -1, -1, 1, -1, 1, -1, -1, -1, -1, 1, -1, 1, -1, -1, -1, -1, -1, 1, -1, 1, 0, -1, 1, 1, 0, 1, 1, -1, 1, -1, 1, -1, -1, 1, -1, 1, -1, 1]
92: 准确率为0.75, kendall系数为0.43965959443709285, spearman系数为0.4690564271903167
human_scores is [0, 0, 0, 0, 0, 0, 0, 0, 1, -1, 1, -1, 0, 0, 0, 0, 0, 0, 1, -1, 1, -1, 0, 0, 0, 0, 1, -1, 1, -1, 0, 0, 1, -1, 1, -1, 1, -1, 1, -1, 0, 0]
model_scores is [1, -1, -1, -1, 1, -1, 1, -1, -1, -1, 1, -1, 0, 0, -1, 1, 0, 1, 1, -1, 0, -1, -1, 1, 1, 1, -1, -1, 1, -1, -1, -1, 1, -1, 1, -1, 1, 1, 1, -1, 1, -1]
93: 准确率为0.825, kendall系数为0.442519297025374, spearman系数为0.47651880911313094
human_scores is [0, 0, 1, -1, 1, -1, 0, 0, 1, -1, 1, -1, 1, -1, 1, -1, 0, 0, 1, -1, 1, -1, 0, 0, -1, 1, 1, -1, 1, -1, -1, 1, 1, -1, 1, -1, 1, -1, 1, -1, 0, 0]
model_scores is [1, -1, 0, -1, 1, -1, 0, -1, 1, -1, 1, -1, 1, 1, 0, -1, 0, -1, 1, -1, 1, -1, -1, -1, 1, -1, 1, -1, -1, -1, 1, -1, 0, -1, 1, -1, 0, -1, 0, 1, -1, 1]
94: 准确率为0.703125, kendall系数为0.38047860149098744, spearman系数为0.4140393356054125
human_scores is [1, -1, 1, -1, 1, -1, 1, -1, 1, -1, 1, -1, -1, 1, 0, 0, 0, 0, 1, -1, 1, -1, 1, -1, 1, -1, 1, -1, 1, -1, 0, 0, 1, -1, 1, -1, 1, -1, 1, -1, 0, 0]
model_scores is [1, -1, 1, -1, 1, 0, 1, -1, 1, -1, 1, -1, -1, 1, 1, 0, 0, 1, 1, -1, 1, -1, 1, -1, 1, -1, 1, 0, 1, -1, -1, 0, -1, 0, 1, -1, -1, -1, -1, -1, 1, -1]
95: 准确率为0.8676470588235294, kendall系数为0.6692247674315683, spearman系数为0.711622547152891
human_scores is [-1, 1, -1, 1, -1, 1, -1, 1, 1, -1, 0, 0, 1, -1, 1, -1, 1, -1, 1, -1, 1, -1, 0, 0, 0, 0, 1, -1, 1, -1, 0, 0, 1, -1, 1, -1, 1, -1, 1, -1, -1, 1]
model_scores is [1, -1, 0, 0, 0, 0, 0, -1, 1, -1, 1, -1, 0, 1, 1, 1, -1, 1, -1, 1, 0, 1, -1, 0, 1, -1, 0, -1, 1, -1, 1, -1, 1, -1, 1, -1, 1, -1, 0, -1, 1, -1]
96: 准确率为0.5147058823529411, kendall系数为0.02814668872804994, spearman系数为0.030316953129541618
human_scores is [-1, 1, 1, -1, 1, -1, 1, -1, 1, -1, 1, -1, 1, -1, 1, -1, 1, -1, 1, -1, 1, -1, 0, 0, 0, 0, 0, 0, 1, -1, 0, 0, 0, 0, 1, -1, 0, 0, 1, -1, 1, -1]
model_scores is [-1, 0, 1, 1, 0, -1, 1, -1, -1, -1, 1, -1, 1, 1, 0, 1, 1, 1, 1, 1, -1, -1, 0, 1, 0, -1, -1, 1, 0, -1, -1, 0, -1, -1, -1, 0, -1, -1, 0, -1, 0, -1]
97: 准确率为0.6166666666666667, kendall系数为0.2274583231590478, spearman系数为0.2461884605763226
human_scores is [1, -1, 1, -1, 1, -1, 1, -1, 1, -1, 1, -1, 1, -1, 1, -1, 0, 0, 1, -1, 1, -1, 0, 0, -1, 1, 1, -1, 0, 0, -1, 1, 1, -1, 0, 0, 1, -1, 1, -1, -1, 1]
model_scores is [1, -1, 0, -1, 1, 0, 1, -1, 1, -1, -1, -1, -1, -1, -1, 1, 1, -1, 0, -1, 1, -1, -1, 1, 0, 1, 0, -1, 0, -1, 1, -1, 1, -1, 1, -1, 1, 1, 1, -1, -1, -1]
98: 准确率为0.6911764705882353, kendall系数为0.34262016142616836, spearman系数为0.37811883873876256
human_scores is [0, 0, 1, -1, 1, -1, 1, -1, 1, -1, 1, -1, 1, -1, 1, -1, 1, -1, 1, -1, 1, -1, 0, 0, 0, 0, 1, -1, 1, -1, 0, 0, 1, -1, 1, -1, 1, -1, 1, -1, 0, 0]
model_scores is [1, -1, -1, -1, 0, 0, 1, -1, -1, -1, -1, -1, 1, -1, 1, 0, 1, -1, -1, -1, 1, -1, 0, 0, -1, -1, 1, -1, 1, -1, 0, -1, -1, -1, 1, -1, -1, -1, 1, -1, -1, -1]
99: 准确率为0.765625, kendall系数为0.48508628801076187, spearman系数为0.5208333333333334
平均准确率为0.6820252038016164, 平均kendall系数为0.32821115313557975, 平均spearman系数为0.3559782942190112
