model1: chatglm_pro ------ test: output_dialog...........
human_scores is [0, 0, 1, -1, 0, 0, 0, 0, 1, -1, 1, -1, 1, -1, 0, 0, 0, 0, 1, -1, 1, -1, -1, 1, -1, 1, 1, -1, 1, -1, 0, 0, 1, -1, 1, -1, 1, -1, 1, -1, 0, 0]
model_scores is [1, -1, 1, -1, 1, -1, 1, -1, 1, -1, 1, -1, 1, 1, 1, 1, 1, 1, 1, 1, 1, -1, 1, 1, 1, 1, 1, 1, 1, 1, 1, 1, 1, -1, 1, -1, 1, -1, 1, -1, 1, 1]
0: 准确率为0.7857142857142857, kendall系数为0.5002443195845779, spearman系数为0.5305892259424584
human_scores is [1, -1, 1, -1, 0, 0, 1, -1, 1, -1, 0, 0, 0, 0, -1, 1, 1, -1, 1, -1, -1, 1, -1, 1, 1, -1, 1, -1, -1, 1, 1, -1, 1, -1, 0, 0, 0, 0, -1, 1, -1, 1]
model_scores is [-1, 1, 1, -1, -1, -1, 1, -1, 1, -1, -1, -1, 1, -1, 1, -1, 1, -1, 1, -1, 1, -1, 1, 1, 1, -1, 1, -1, 1, 1, 1, -1, 1, -1, -1, 1, -1, 1, -1, 1, -1, 1]
1: 准确率为0.75, kendall系数为0.4126984126984127, spearman系数为0.4364357804719847
human_scores is [-1, 1, 0, 0, -1, 1, 1, -1, 1, -1, 0, 0, 1, -1, 0, 0, 1, -1, 1, -1, 1, -1, -1, 1, 1, -1, 1, -1, 0, 0, 1, -1, 1, -1, 1, -1, 0, 0, -1, 1, -1, 1]
model_scores is [-1, -1, 1, -1, -1, -1, 1, -1, 1, -1, 1, -1, -1, 1, -1, 1, 1, -1, 1, -1, 1, -1, -1, 1, 1, -1, 1, -1, 1, -1, 1, -1, 1, -1, 1, -1, 1, 1, 1, 1, 1, 1]
2: 准确率为0.8125, kendall系数为0.5164589025080292, spearman系数为0.5461643109408143
human_scores is [0, 0, -1, 1, 0, 0, -1, 1, 1, -1, 1, -1, -1, 1, 0, 0, -1, 1, 1, -1, 1, -1, 1, -1, 0, 0, 1, -1, 1, -1, -1, 1, 1, -1, 1, -1, 1, -1, 1, -1, 0, 0]
model_scores is [1, -1, 1, -1, 1, -1, 1, -1, 1, -1, 1, -1, -1, 1, 1, -1, -1, -1, 1, -1, 1, -1, 1, -1, 1, -1, 1, -1, 1, -1, -1, 1, 1, -1, 1, -1, 1, -1, 1, -1, 1, 1]
3: 准确率为0.84375, kendall系数为0.5674603174603174, spearman系数为0.600099198148979
human_scores is [1, -1, 1, -1, 1, -1, 1, -1, 1, -1, 1, -1, 0, 0, 0, 0, 1, -1, 0, 0, 1, -1, 0, 0, 1, -1, 0, 0, 1, -1, 1, -1, 0, 0, 1, -1, -1, 1, 0, 0, 1, -1]
model_scores is [1, -1, 1, -1, 1, -1, 1, -1, 1, -1, 1, -1, 1, 1, -1, 1, 1, -1, 1, -1, 1, -1, -1, 1, 1, 1, 1, -1, 1, 1, 1, -1, 1, -1, 1, -1, 1, 1, -1, 1, -1, 1]
4: 准确率为0.8214285714285714, kendall系数为0.5041008302500836, spearman系数为0.5346796732074042
human_scores is [1, -1, 1, -1, 1, -1, 1, -1, 1, -1, 1, -1, 0, 0, 0, 0, 1, -1, 1, -1, 1, -1, 0, 0, 1, -1, 1, -1, 1, -1, 1, -1, 1, -1, 1, -1, 0, 0, 0, 0, 0, 0]
model_scores is [1, -1, 1, -1, 1, -1, 1, -1, 1, -1, 1, -1, 1, -1, 1, 1, 1, -1, 1, 1, 1, 1, 1, 1, 1, -1, 1, -1, 1, 1, 1, -1, 1, 1, 1, 1, 1, 1, -1, 1, -1, 1]
5: 准确率为0.8333333333333334, kendall系数为0.5749302451412767, spearman系数为0.6093872210227983
human_scores is [0, 0, -1, 1, -1, 1, 1, -1, 1, -1, 1, -1, -1, 1, -1, 1, 1, -1, 1, -1, 1, -1, 0, 0, 1, -1, 1, -1, 1, -1, 1, -1, 1, -1, 1, -1, 0, 0, 0, 0, 0, 0]
model_scores is [1, 1, -1, 1, -1, 1, -1, 1, 1, 1, 1, 1, 1, 1, 1, 1, -1, 1, 1, 1, 1, -1, 1, 1, -1, 1, 1, -1, 1, -1, -1, 1, 1, -1, 1, -1, 1, -1, 1, -1, 1, 1]
6: 准确率为0.59375, kendall系数为0.16738351585299655, spearman系数为0.17701099188096864
human_scores is [1, -1, 1, -1, 1, -1, 1, -1, 1, -1, 1, -1, 1, -1, 0, 0, 0, 0, 1, -1, 0, 0, -1, 1, -1, 1, 0, 0, -1, 1, 0, 0, 1, -1, 0, 0, 1, -1, 0, 0, -1, 1]
model_scores is [1, -1, 1, -1, 1, -1, 1, -1, 1, -1, -1, -1, 1, 1, -1, 1, -1, 1, 1, 1, -1, 1, -1, 1, -1, 1, 1, 1, -1, 1, 1, 1, 1, -1, -1, 1, 1, -1, -1, 1, -1, 1]
7: 准确率为0.8928571428571429, kendall系数为0.611111111111111, spearman系数为0.6481812160876685
human_scores is [0, 0, 0, 0, 0, 0, 1, -1, 1, -1, 1, -1, 0, 0, 0, 0, 1, -1, 1, -1, 1, -1, 0, 0, 1, -1, 1, -1, 1, -1, 1, -1, 1, -1, 1, -1, 1, -1, 1, -1, 0, 0]
model_scores is [1, -1, 1, -1, 1, -1, 1, -1, 1, -1, 1, -1, 1, -1, -1, -1, 1, -1, 1, -1, -1, -1, -1, -1, 1, 1, 1, -1, -1, -1, -1, 1, -1, -1, -1, -1, 1, 1, -1, 1, -1, 1]
8: 准确率为0.6428571428571429, kendall系数为0.22404481344448154, spearman系数为0.23763541031440188
human_scores is [0, 0, 1, -1, 0, 0, 1, -1, 1, -1, 1, -1, 1, -1, 0, 0, 1, -1, 1, -1, 1, -1, -1, 1, 1, -1, 1, -1, 1, -1, 1, -1, 1, -1, 1, -1, 0, 0, 0, 0, 0, 0]
model_scores is [-1, 1, 1, 1, -1, 1, 1, 1, 1, -1, 1, 1, 1, -1, 1, 1, 1, -1, 1, -1, 1, -1, -1, 1, 1, -1, 1, -1, 1, 1, 1, -1, 1, -1, 1, -1, 1, 1, 1, 1, 1, 1]
9: 准确率为0.8666666666666667, kendall系数为0.6324232696554044, spearman系数为0.670325943125078
human_scores is [1, -1, 1, -1, 1, -1, 1, -1, 1, -1, 1, -1, 1, -1, 0, 0, 1, -1, 1, -1, 1, -1, -1, 1, 1, -1, 0, 0, 1, -1, 1, -1, 1, -1, 1, -1, -1, 1, 0, 0, 1, -1]
model_scores is [-1, -1, 1, -1, 1, -1, 1, -1, 1, -1, 1, -1, 1, -1, 1, -1, 1, -1, 1, -1, 1, -1, -1, 1, 1, 1, 1, 1, 1, 1, 1, -1, 1, -1, 1, -1, 1, 1, 1, 1, 1, 1]
10: 准确率为0.8611111111111112, kendall系数为0.6582805886043833, spearman系数为0.6884463184107628
human_scores is [1, -1, 1, -1, 1, -1, 1, -1, 1, -1, 1, -1, -1, 1, -1, 1, -1, 1, 0, 0, -1, 1, 0, 0, -1, 1, 1, -1, 0, 0, -1, 1, 1, -1, 0, 0, 1, -1, 1, -1, -1, 1]
model_scores is [-1, -1, 1, -1, 1, -1, 1, -1, 1, -1, 1, -1, 1, -1, 1, -1, 1, -1, 1, -1, 1, -1, 1, -1, -1, 1, 1, -1, 1, 1, -1, 1, 1, -1, -1, 1, 1, -1, 1, -1, -1, 1]
11: 准确率为0.7352941176470589, kendall系数为0.40209555325785623, spearman系数为0.42340489921997043
human_scores is [-1, 1, -1, 1, 0, 0, 0, 0, 1, -1, 0, 0, -1, 1, 1, -1, 1, -1, 1, -1, 1, -1, 1, -1, 1, -1, 1, -1, 1, -1, 0, 0, 1, -1, 0, 0, 1, -1, 0, 0, -1, 1]
model_scores is [-1, 1, -1, -1, 1, -1, -1, 1, 1, -1, 1, -1, 1, -1, 1, -1, 1, -1, 1, -1, 1, -1, 1, -1, -1, 1, 1, -1, -1, -1, -1, 1, 1, 1, -1, 1, 1, -1, 1, -1, -1, 1]
12: 准确率为0.7666666666666667, kendall系数为0.42574492511213946, spearman系数为0.451260859854213
human_scores is [1, -1, 1, -1, 1, -1, 1, -1, 1, -1, 1, -1, -1, 1, 0, 0, 1, -1, 0, 0, 1, -1, 1, -1, 1, -1, 1, -1, 1, -1, 1, -1, 0, 0, 1, -1, -1, 1, 0, 0, 1, -1]
model_scores is [1, -1, 1, -1, 1, -1, 1, -1, 1, -1, 1, -1, 1, 1, -1, -1, 1, 1, 1, 1, 1, 1, -1, 1, 1, 1, 1, 1, 1, 1, 1, -1, 1, -1, 1, -1, 1, 1, 1, 1, 1, 1]
13: 准确率为0.7058823529411765, kendall系数为0.38940844675436137, spearman系数为0.4100454302903043
human_scores is [0, 0, 0, 0, -1, 1, -1, 1, 0, 0, 1, -1, 0, 0, -1, 1, -1, 1, 0, 0, 1, -1, -1, 1, -1, 1, 0, 0, 1, -1, 0, 0, 1, -1, 1, -1, 1, -1, 1, -1, 1, -1]
model_scores is [1, 1, 1, -1, -1, 1, -1, 1, 1, 1, -1, -1, 1, -1, -1, 1, 1, -1, 1, -1, 1, 1, -1, 1, 1, 1, 1, 1, 1, -1, 1, -1, -1, -1, 1, -1, 1, 1, 1, -1, 1, 1]
14: 准确率为0.7142857142857143, kendall系数为0.33968311024337877, spearman系数为0.3602883460614461
human_scores is [1, -1, 1, -1, 0, 0, 1, -1, 1, -1, 1, -1, -1, 1, -1, 1, 0, 0, 1, -1, 1, -1, -1, 1, 1, -1, 1, -1, 1, -1, 1, -1, 1, -1, 1, -1, 1, -1, 1, -1, 0, 0]
model_scores is [1, -1, 1, -1, 1, -1, 1, -1, 1, -1, 1, -1, 1, 1, -1, 1, 1, 1, 1, 1, 1, -1, -1, 1, 1, 1, 1, 1, 1, 1, 1, -1, 1, -1, 1, -1, 1, 1, 1, 1, 1, 1]
15: 准确率为0.8055555555555556, kendall系数为0.5987641593469991, spearman系数为0.6262025468086421
human_scores is [-1, 1, 0, 0, 1, -1, 1, -1, 0, 0, 1, -1, 1, -1, 1, -1, 1, -1, 1, -1, 1, -1, 1, -1, 1, -1, 0, 0, 1, -1, 1, -1, -1, 1, 1, -1, -1, 1, 0, 0, 1, -1]
model_scores is [1, -1, 1, -1, 1, -1, 1, -1, 1, -1, 1, -1, -1, 1, 1, 1, 1, 1, -1, 1, 1, 1, 1, -1, 1, -1, -1, 1, 1, -1, 1, 1, -1, 1, 1, 1, -1, 1, 1, 1, 1, -1]
16: 准确率为0.6764705882352942, kendall系数为0.31468954668723376, spearman系数为0.33136674783180564
human_scores is [0, 0, 0, 0, -1, 1, 1, -1, -1, 1, -1, 1, 0, 0, -1, 1, 1, -1, -1, 1, -1, 1, -1, 1, 1, -1, -1, 1, -1, 1, 1, -1, 1, -1, 1, -1, -1, 1, -1, 1, 0, 0]
model_scores is [-1, 1, 1, 1, -1, 1, -1, 1, -1, 1, 1, -1, 1, -1, -1, 1, -1, 1, 1, -1, 1, -1, -1, 1, -1, 1, -1, 1, 1, 1, 1, -1, 1, 1, 1, -1, 1, -1, 1, -1, 1, -1]
17: 准确率为0.47058823529411764, kendall系数为0.05078280723105074, spearman系数为0.05347407899331232
human_scores is [0, 0, -1, 1, -1, 1, -1, 1, 0, 0, 1, -1, -1, 1, -1, 1, -1, 1, 0, 0, 1, -1, 1, -1, 1, -1, 1, -1, 1, -1, 1, -1, 1, -1, 1, -1, 1, -1, 1, -1, 1, -1]
model_scores is [1, 1, 1, -1, -1, 1, -1, 1, -1, -1, -1, -1, 1, -1, -1, 1, -1, 1, -1, -1, -1, -1, -1, 1, -1, 1, -1, -1, -1, 1, -1, 1, 1, -1, 1, -1, 1, -1, 1, -1, -1, 1]
18: 准确率为0.5277777777777778, kendall系数为0.05009794328681196, spearman系数为0.05239368319955838
human_scores is [-1, 1, 1, -1, 1, -1, 1, -1, 1, -1, 1, -1, 1, -1, 1, -1, 1, -1, 1, -1, 1, -1, 0, 0, 0, 0, 0, 0, 0, 0, 0, 0, 0, 0, 0, 0, 0, 0, 0, 0, 0, 0]
model_scores is [1, -1, 1, -1, 1, -1, 1, -1, 1, -1, 1, -1, 1, 1, 1, 1, -1, 1, 1, -1, 1, 1, 1, 1, -1, 1, 1, 1, 1, -1, 1, -1, 1, -1, 1, -1, 1, -1, 1, -1, 1, 1]
19: 准确率为0.6818181818181818, kendall系数为0.26014335859477994, spearman系数为0.2746286136236999
human_scores is [-1, 1, -1, 1, -1, 1, 0, 0, -1, 1, 0, 0, 1, -1, 1, -1, 1, -1, 1, -1, 1, -1, 0, 0, 1, -1, 0, 0, 1, -1, 1, -1, 0, 0, 1, -1, -1, 1, 0, 0, 1, -1]
model_scores is [-1, 1, 1, 1, -1, 1, 1, 1, 1, -1, 1, -1, 1, -1, 1, -1, 1, -1, 1, -1, 1, -1, -1, 1, 1, 1, 1, -1, 1, 1, 1, -1, 1, -1, 1, -1, 1, -1, 1, 1, 1, 1]
20: 准确率为0.7333333333333333, kendall系数为0.3882901373576604, spearman系数为0.41156131505449195
human_scores is [1, -1, 1, -1, 1, -1, 1, -1, 1, -1, 1, -1, 1, -1, 1, -1, 0, 0, 1, -1, 1, -1, 0, 0, -1, 1, 1, -1, 1, -1, -1, 1, 1, -1, 1, -1, 1, -1, 1, -1, 0, 0]
model_scores is [1, -1, 1, -1, 1, -1, 1, -1, 1, -1, 1, -1, 1, -1, 1, -1, 1, 1, -1, -1, -1, -1, 1, 1, -1, 1, -1, -1, -1, 1, 1, 1, -1, -1, -1, -1, -1, -1, -1, -1, 1, 1]
21: 准确率为0.7222222222222222, kendall系数为0.39752319599996266, spearman系数为0.415739709641549
human_scores is [1, -1, 1, -1, 1, -1, 1, -1, 1, -1, 1, -1, 1, -1, 1, -1, 1, -1, 1, -1, 1, -1, 0, 0, 1, -1, 1, -1, 1, -1, 1, -1, 1, -1, 1, -1, 0, 0, 0, 0, 0, 0]
model_scores is [1, -1, 1, -1, 1, -1, 1, -1, 1, -1, 1, -1, 1, -1, -1, -1, 1, -1, 1, -1, 1, -1, -1, -1, 1, -1, 1, -1, 1, -1, 1, -1, 1, -1, 1, -1, 1, -1, 1, -1, 1, 1]
22: 准确率为0.9705882352941176, kendall系数为0.8051044414000866, spearman系数为0.8477715361700384
human_scores is [-1, 1, 0, 0, -1, 1, -1, 1, 0, 0, 0, 0, 1, -1, 0, 0, 0, 0, 1, -1, 1, -1, -1, 1, -1, 1, 0, 0, 0, 0, 0, 0, 1, -1, 1, -1, 1, -1, 1, -1, 0, 0]
model_scores is [-1, 1, 1, 1, -1, 1, 1, 1, 1, 1, -1, 1, 1, -1, 1, 1, 1, -1, 1, -1, 1, 1, -1, 1, 1, 1, 1, 1, -1, 1, 1, -1, 1, -1, 1, -1, 1, 1, -1, 1, 1, 1]
23: 准确率为0.75, kendall系数为0.3952847075210474, spearman系数为0.4183300132670378
human_scores is [0, 0, -1, 1, 0, 0, 1, -1, -1, 1, 1, -1, -1, 1, 0, 0, 1, -1, -1, 1, 1, -1, 1, -1, 1, -1, 1, -1, 1, -1, 1, -1, -1, 1, 1, -1, -1, 1, 0, 0, 1, -1]
model_scores is [-1, 1, 1, -1, -1, 1, 1, -1, -1, -1, -1, -1, 1, -1, -1, 1, 1, -1, -1, -1, 1, -1, -1, 1, 1, -1, -1, 1, -1, 1, 1, -1, 1, -1, 1, -1, -1, 1, -1, 1, -1, -1]
24: 准确率为0.5294117647058824, kendall系数为0.05119931057520524, spearman系数为0.05391265523477459
human_scores is [1, -1, 1, -1, 1, -1, 0, 0, 1, -1, 1, -1, 1, -1, 1, -1, -1, 1, 1, -1, 1, -1, 0, 0, -1, 1, 0, 0, 1, -1, -1, 1, 0, 0, 1, -1, 1, -1, 1, -1, 1, -1]
model_scores is [-1, -1, 1, -1, -1, -1, 1, -1, 1, -1, 1, -1, 1, -1, 1, -1, 1, -1, 1, -1, 1, -1, -1, 1, -1, 1, -1, 1, -1, 1, 1, -1, 1, -1, 1, -1, 1, -1, 1, -1, 1, 1]
25: 准确率为0.7352941176470589, kendall系数为0.4025522207000433, spearman系数为0.4238857680850192
human_scores is [-1, 1, 0, 0, -1, 1, -1, 1, -1, 1, -1, 1, 1, -1, 0, 0, -1, 1, 0, 0, 0, 0, -1, 1, -1, 1, -1, 1, -1, 1, -1, 1, 0, 0, 0, 0, 1, -1, 1, -1, 0, 0]
model_scores is [-1, 1, 1, 1, 1, 1, -1, 1, -1, 1, -1, 1, 1, -1, 1, -1, 1, -1, 1, -1, -1, -1, 1, 1, 1, 1, -1, 1, -1, 1, 1, 1, -1, 1, -1, -1, -1, 1, -1, 1, -1, -1]
26: 准确率为0.6428571428571429, kendall系数为0.22094727066644296, spearman系数为0.23434997005935213
human_scores is [1, -1, 1, -1, 1, -1, 1, -1, 1, -1, 1, -1, 1, -1, -1, 1, 1, -1, 0, 0, 1, -1, -1, 1, 0, 0, -1, 1, 0, 0, 1, -1, 1, -1, 1, -1, -1, 1, 0, 0, 1, -1]
model_scores is [1, -1, 1, -1, 1, -1, 1, -1, 1, -1, 1, -1, 1, 1, -1, 1, 1, 1, 1, -1, 1, -1, -1, 1, 1, 1, 1, -1, 1, -1, 1, -1, 1, -1, 1, -1, 1, -1, 1, -1, 1, 1]
27: 准确率为0.7941176470588235, kendall系数为0.5119931057520525, spearman系数为0.539126552347746
human_scores is [-1, 1, 0, 0, 1, -1, 1, -1, 1, -1, 1, -1, 1, -1, 1, -1, 1, -1, 1, -1, 1, -1, 1, -1, 1, -1, 1, -1, 1, -1, 0, 0, 1, -1, 1, -1, 1, -1, 1, -1, 0, 0]
model_scores is [1, -1, 1, -1, 1, -1, 1, -1, 1, -1, 1, -1, 1, -1, 1, -1, 1, -1, 1, -1, 1, -1, 1, 1, 1, -1, 1, -1, 1, 1, 1, 1, 1, -1, 1, -1, 1, -1, 1, 1, 1, 1]
28: 准确率为0.8611111111111112, kendall系数为0.6582805886043833, spearman系数为0.6884463184107628
human_scores is [-1, 1, 1, -1, -1, 1, 1, -1, 1, -1, 1, -1, 1, -1, 0, 0, 1, -1, 1, -1, 1, -1, -1, 1, 1, -1, 1, -1, 1, -1, 1, -1, 1, -1, 1, -1, 0, 0, 0, 0, 0, 0]
model_scores is [-1, 1, 1, -1, -1, 1, -1, -1, -1, -1, -1, -1, 1, -1, -1, -1, 1, -1, 1, -1, 1, -1, -1, 1, -1, -1, -1, -1, -1, 1, 1, -1, 1, -1, 1, -1, 1, -1, -1, 1, -1, 1]
29: 准确率为0.7941176470588235, kendall系数为0.5244825778120562, spearman系数为0.5522779130530094
human_scores is [1, -1, 1, -1, 0, 0, -1, 1, 1, -1, 1, -1, 1, -1, -1, 1, -1, 1, 0, 0, 1, -1, -1, 1, -1, 1, -1, 1, 0, 0, -1, 1, 1, -1, 1, -1, 1, -1, 1, -1, 1, -1]
model_scores is [1, 1, 1, -1, -1, 1, -1, 1, 1, -1, 1, -1, -1, -1, -1, 1, -1, 1, 1, -1, 1, -1, -1, 1, -1, 1, 1, -1, 1, -1, 1, -1, 1, -1, 1, -1, 1, -1, 1, -1, 1, -1]
30: 准确率为0.8333333333333334, kendall系数为0.590168890850654, spearman系数为0.6172133998483676
human_scores is [-1, 1, 0, 0, 1, -1, 1, -1, 1, -1, 1, -1, 1, -1, 1, -1, 1, -1, 1, -1, 1, -1, 1, -1, 1, -1, 1, -1, 1, -1, 0, 0, 1, -1, 0, 0, 1, -1, 0, 0, -1, 1]
model_scores is [1, -1, 1, -1, 1, 1, 1, -1, 1, -1, 1, -1, -1, 1, -1, -1, -1, 1, 1, 1, 1, -1, 1, -1, 1, 1, 1, -1, 1, -1, -1, 1, 1, 1, 1, -1, 1, 1, 1, -1, 1, -1]
31: 准确率为0.5882352941176471, kendall系数为0.15359793172561573, spearman系数为0.16173796570432378
human_scores is [1, -1, -1, 1, 1, -1, -1, 1, 0, 0, 1, -1, -1, 1, -1, 1, -1, 1, -1, 1, 0, 0, 1, -1, 0, 0, 1, -1, 1, -1, -1, 1, -1, 1, 1, -1, 1, -1, 1, -1, 1, -1]
model_scores is [1, -1, 1, -1, 1, -1, 1, -1, 1, -1, 1, -1, 1, -1, -1, 1, 1, -1, 1, -1, 1, -1, -1, 1, -1, 1, -1, 1, -1, 1, 1, -1, 1, -1, 1, -1, 1, -1, -1, -1, -1, -1]
32: 准确率为0.3888888888888889, kendall系数为0.19762124666128472, spearman系数为0.2066772468441594
human_scores is [0, 0, 1, -1, 1, -1, 1, -1, 1, -1, 1, -1, 1, -1, 1, -1, 1, -1, 1, -1, 1, -1, -1, 1, 0, 0, 0, 0, 0, 0, 1, -1, 1, -1, 1, -1, 0, 0, 0, 0, 0, 0]
model_scores is [-1, 1, 1, -1, 1, -1, 1, -1, 1, -1, 1, -1, 1, -1, 1, -1, 1, -1, 1, -1, 1, -1, -1, 1, 1, 1, -1, 1, 1, 1, 1, -1, 1, -1, 1, 1, -1, 1, 1, 1, 1, 1]
33: 准确率为0.9642857142857143, kendall系数为0.7359800721939873, spearman系数为0.7806247497997999
human_scores is [-1, 1, 1, -1, 0, 0, 1, -1, 1, -1, 1, -1, 1, -1, 1, -1, 1, -1, 1, -1, 1, -1, -1, 1, 0, 0, -1, 1, 0, 0, 1, -1, 1, -1, 1, -1, -1, 1, 0, 0, 1, -1]
model_scores is [1, -1, 1, -1, 1, -1, 1, -1, 1, -1, 1, -1, 1, -1, 1, 1, 1, 1, 1, -1, 1, -1, 1, 1, 1, 1, 1, 1, 1, 1, 1, 1, 1, -1, 1, 1, 1, 1, 1, 1, 1, 1]
34: 准确率为0.7058823529411765, kendall系数为0.4130300300269943, spearman系数为0.4349188565292449
human_scores is [1, -1, 1, -1, 1, -1, 1, -1, 1, -1, 1, -1, 0, 0, -1, 1, 0, 0, -1, 1, 0, 0, -1, 1, 0, 0, -1, 1, 0, 0, 1, -1, 0, 0, 1, -1, -1, 1, 0, 0, 1, -1]
model_scores is [1, -1, 1, -1, 1, 1, 1, -1, 1, 1, 1, -1, 1, -1, -1, 1, 1, -1, 1, 1, 1, -1, -1, 1, 1, -1, -1, 1, 1, 1, 1, -1, 1, -1, 1, -1, -1, 1, 1, 1, 1, -1]
35: 准确率为0.8928571428571429, kendall系数为0.6227523687795277, spearman系数为0.6605286344459845
human_scores is [1, -1, 1, -1, 1, -1, 1, -1, 1, -1, 1, -1, 0, 0, 1, -1, 1, -1, 1, -1, 1, -1, 1, -1, 1, -1, 1, -1, 1, -1, 0, 0, 0, 0, 0, 0, 0, 0, 0, 0, 0, 0]
model_scores is [-1, 1, 1, -1, 1, -1, 1, -1, 1, -1, 1, -1, 1, -1, 1, -1, 1, -1, 1, -1, 1, -1, 1, 1, 1, 1, 1, -1, -1, 1, -1, 1, -1, 1, -1, 1, 1, -1, -1, 1, -1, 1]
36: 准确率为0.7857142857142857, kendall系数为0.4418945413328859, spearman系数为0.46869994011870425
human_scores is [1, -1, 0, 0, 1, -1, 1, -1, 1, -1, 1, -1, -1, 1, 0, 0, 1, -1, 1, -1, 1, -1, 1, -1, 1, -1, 1, -1, 1, -1, 1, -1, 1, -1, 1, -1, 1, -1, 1, -1, 0, 0]
model_scores is [1, -1, 1, -1, 1, -1, 1, -1, 1, -1, 1, -1, 1, 1, -1, 1, 1, -1, 1, 1, 1, 1, -1, 1, 1, -1, 1, 1, -1, -1, 1, -1, 1, -1, 1, -1, 1, 1, -1, 1, 1, 1]
37: 准确率为0.7222222222222222, kendall系数为0.4050957468334667, spearman系数为0.4236592728681617
human_scores is [1, -1, 1, -1, 1, -1, 1, -1, 1, -1, 1, -1, 0, 0, 0, 0, 1, -1, 1, -1, 1, -1, 0, 0, 1, -1, 1, -1, 1, -1, 1, -1, 1, -1, 1, -1, 0, 0, 0, 0, 0, 0]
model_scores is [1, 1, 1, 1, 1, 1, 1, -1, 1, -1, 1, -1, 1, 1, 1, 1, 1, -1, 1, -1, 1, -1, -1, -1, 1, -1, 1, -1, 1, 1, 1, -1, 1, -1, 1, -1, 1, 1, 1, 1, -1, 1]
38: 准确率为0.8666666666666667, kendall系数为0.6202053136528278, spearman系数为0.6573757351339166
human_scores is [1, -1, 1, -1, 1, -1, 1, -1, 1, -1, 1, -1, 0, 0, 0, 0, 1, -1, 1, -1, 1, -1, 0, 0, 1, -1, 1, -1, 1, -1, 1, -1, 1, -1, 1, -1, 0, 0, 0, 0, 0, 0]
model_scores is [1, -1, 1, -1, 1, -1, 1, -1, 1, -1, 1, -1, 1, -1, 1, 1, 1, 1, 1, -1, 1, -1, -1, 1, -1, -1, 1, -1, 1, 1, 1, 1, 1, -1, 1, -1, 1, -1, 1, -1, 1, 1]
39: 准确率为0.8666666666666667, kendall系数为0.595640269220225, spearman系数为0.6313384475019067
human_scores is [-1, 1, 0, 0, 0, 0, 0, 0, 1, -1, 1, -1, 1, -1, 1, -1, 1, -1, 1, -1, 1, -1, 0, 0, 0, 0, 1, -1, 1, -1, 0, 0, 1, -1, 1, -1, 1, -1, 1, -1, 0, 0]
model_scores is [-1, 1, -1, 1, -1, 1, -1, 1, 1, -1, 1, -1, 1, -1, 1, -1, 1, -1, 1, -1, 1, -1, -1, 1, -1, 1, 1, -1, 1, -1, -1, 1, 1, -1, 1, -1, 1, -1, 1, -1, 1, 1]
40: 准确率为1.0, kendall系数为0.7706746355884525, spearman系数为0.8174238913695991
human_scores is [1, -1, 1, -1, 1, -1, 1, -1, 1, -1, 1, -1, 1, -1, 1, -1, 1, -1, 1, -1, 1, -1, 0, 0, 1, -1, 1, -1, 1, -1, 1, -1, 1, -1, 1, -1, 0, 0, 0, 0, 0, 0]
model_scores is [1, -1, 1, -1, 1, -1, 1, -1, 1, -1, 1, -1, 1, -1, 1, -1, 1, -1, 1, -1, -1, 1, -1, 1, 1, 1, 1, 1, -1, 1, 1, -1, 1, -1, -1, 1, 1, 1, -1, 1, -1, 1]
41: 准确率为0.7647058823529411, kendall系数为0.4570452650794567, spearman系数为0.48126671093981094
human_scores is [1, -1, 0, 0, -1, 1, 1, -1, 1, -1, 1, -1, -1, 1, -1, 1, 0, 0, 1, -1, 1, -1, -1, 1, 1, -1, 1, -1, 1, -1, 1, -1, 1, -1, 1, -1, 1, -1, 1, -1, 0, 0]
model_scores is [1, 1, -1, 1, 1, 1, -1, 1, -1, 1, 1, -1, 1, 1, 1, 1, -1, 1, 1, 1, 1, -1, -1, 1, -1, 1, 1, 1, 1, 1, 1, -1, 1, -1, 1, -1, 1, -1, 1, -1, 1, 1]
42: 准确率为0.6388888888888888, kendall系数为0.2659583874167388, spearman系数为0.27814593934131077
human_scores is [1, -1, 1, -1, 0, 0, 1, -1, 1, -1, 1, -1, -1, 1, -1, 1, 1, -1, 1, -1, 1, -1, -1, 1, 1, -1, 1, -1, 1, -1, 1, -1, 1, -1, 1, -1, 1, -1, 0, 0, -1, 1]
model_scores is [1, -1, 1, -1, 1, -1, 1, -1, 1, -1, 1, -1, 1, -1, -1, -1, -1, -1, -1, -1, -1, -1, -1, 1, -1, 1, -1, -1, -1, 1, 1, -1, 1, -1, -1, 1, 1, -1, 1, 1, 1, 1]
43: 准确率为0.631578947368421, kendall系数为0.24428527217698706, spearman系数为0.252907074444535
human_scores is [0, 0, -1, 1, 0, 0, 1, -1, 1, -1, 1, -1, -1, 1, 0, 0, 1, -1, 1, -1, 1, -1, 1, -1, 1, -1, 1, -1, 1, -1, 1, -1, 1, -1, 1, -1, 0, 0, 0, 0, 0, 0]
model_scores is [1, -1, 1, -1, 1, -1, 1, -1, 1, -1, 1, -1, 1, 1, 1, 1, 1, 1, 1, -1, 1, 1, 1, 1, 1, -1, 1, -1, 1, -1, 1, 1, 1, 1, 1, 1, 1, 1, 1, 1, 1, 1]
44: 准确率为0.7, kendall系数为0.37442263245202967, spearman系数为0.39686269665968865
human_scores is [1, -1, 1, -1, 1, -1, 1, -1, 1, -1, 1, -1, -1, 1, 1, -1, 1, -1, 1, -1, 1, -1, 1, -1, 1, -1, 1, -1, 1, -1, 0, 0, 1, -1, 1, -1, 1, -1, 1, -1, 0, 0]
model_scores is [-1, 1, -1, 1, 1, -1, 1, -1, 1, -1, 1, -1, 1, 1, 1, -1, 1, -1, 1, -1, 1, -1, 1, -1, 1, -1, 1, -1, 1, -1, 1, 1, 1, -1, -1, 1, 1, 1, -1, 1, -1, -1]
45: 准确率为0.7368421052631579, kendall系数为0.437190729627267, spearman系数为0.45262093542911486
human_scores is [-1, 1, 0, 0, 1, -1, 0, 0, -1, 1, 0, 0, 1, -1, 1, -1, 1, -1, 0, 0, 1, -1, 1, -1, 0, 0, -1, 1, 0, 0, -1, 1, -1, 1, -1, 1, -1, 1, 0, 0, 1, -1]
model_scores is [-1, 1, 1, 1, 1, 1, 1, 1, 1, -1, 1, 1, -1, -1, 1, 1, 1, 1, 1, -1, 1, -1, 1, 1, 1, 1, -1, -1, 1, -1, 1, 1, 1, -1, 1, -1, 1, -1, 1, 1, 1, -1]
46: 准确率为0.4642857142857143, kendall系数为0.05947010334500526, spearman系数为0.06307757002967701
human_scores is [1, -1, 1, -1, 1, -1, 1, -1, 1, -1, 1, -1, 0, 0, 0, 0, 1, -1, 0, 0, 1, -1, 0, 0, 1, -1, 0, 0, 1, -1, 1, -1, 0, 0, 1, -1, -1, 1, 0, 0, 1, -1]
model_scores is [1, -1, 1, -1, 1, -1, 1, -1, 1, -1, 1, -1, 1, -1, 1, 1, 1, -1, 1, -1, 1, -1, -1, 1, 1, 1, 1, 1, 1, 1, 1, -1, 1, -1, 1, -1, 1, -1, 1, -1, 1, 1]
47: 准确率为0.8214285714285714, kendall系数为0.5095246653650681, spearman系数为0.540432519092169
human_scores is [0, 0, 1, -1, 0, 0, 1, -1, 1, -1, 1, -1, 1, -1, 0, 0, 1, -1, 1, -1, 1, -1, -1, 1, 1, -1, 1, -1, 1, -1, 1, -1, 1, -1, 1, -1, 1, -1, 1, -1, 0, 0]
model_scores is [1, 1, 1, -1, 1, 1, 1, -1, 1, -1, 1, -1, 1, -1, 1, -1, 1, -1, 1, -1, 1, -1, -1, 1, -1, 1, 1, -1, 1, -1, 1, 1, 1, -1, 1, -1, -1, -1, 1, -1, 1, -1]
48: 准确率为0.8823529411764706, kendall系数为0.6563888752871249, spearman系数为0.6911746805909866
human_scores is [1, -1, 1, -1, 0, 0, 1, -1, 1, -1, 1, -1, -1, 1, -1, 1, -1, 1, 1, -1, 1, -1, -1, 1, 0, 0, 1, -1, 1, -1, 1, -1, 1, -1, 1, -1, 1, -1, 1, -1, 0, 0]
model_scores is [1, -1, -1, -1, -1, 1, -1, -1, -1, -1, -1, -1, -1, 1, -1, 1, -1, 1, -1, 1, -1, 1, -1, 1, 1, 1, -1, -1, -1, -1, 1, -1, 1, -1, 1, -1, -1, -1, -1, -1, -1, 1]
49: 准确率为0.6666666666666666, kendall系数为0.31298431857438064, spearman系数为0.3273268353539886
human_scores is [1, -1, 1, -1, 0, 0, 1, -1, 1, -1, 1, -1, 1, -1, -1, 1, 1, -1, 1, -1, 1, -1, -1, 1, 0, 0, 1, -1, 0, 0, 1, -1, 1, -1, 1, -1, 1, -1, 0, 0, -1, 1]
model_scores is [1, -1, 1, -1, 1, -1, 1, -1, 1, -1, 1, -1, 1, 1, -1, 1, 1, 1, 1, -1, 1, 1, -1, 1, 1, 1, 1, -1, 1, -1, 1, -1, 1, -1, 1, -1, 1, -1, 1, 1, -1, 1]
50: 准确率为0.9117647058823529, kendall系数为0.7245026000995969, spearman系数为0.762898141733635
human_scores is [1, -1, 1, -1, 1, -1, 1, -1, 1, -1, 1, -1, -1, 1, 0, 0, 0, 0, 0, 0, 0, 0, 1, -1, 1, -1, 1, -1, 1, -1, 0, 0, 0, 0, 0, 0, 0, 0, 0, 0, 0, 0]
model_scores is [1, -1, 1, -1, 1, -1, 1, -1, 1, -1, 1, -1, 1, -1, -1, -1, -1, 1, 1, 1, 1, -1, -1, 1, -1, 1, -1, 1, 1, -1, -1, -1, -1, 1, 1, -1, -1, -1, 1, -1, 1, -1]
51: 准确率为0.6363636363636364, kendall系数为0.18782820123600805, spearman系数为0.1982868168671105
human_scores is [-1, 1, 0, 0, 1, -1, 0, 0, 1, -1, 1, -1, 1, -1, 1, -1, 1, -1, 1, -1, 1, -1, 1, -1, 0, 0, 1, -1, 1, -1, -1, 1, 1, -1, 1, -1, 1, -1, 1, -1, 0, 0]
model_scores is [1, -1, 1, -1, 1, -1, 1, -1, 1, -1, 1, -1, 1, -1, 1, -1, 1, -1, 1, -1, 1, -1, 1, 1, 1, 1, 1, 1, 1, -1, 1, 1, 1, -1, 1, -1, 1, 1, 1, 1, 1, 1]
52: 准确率为0.7941176470588235, kendall系数为0.5331084232379751, spearman系数为0.5613608914238398
human_scores is [1, -1, 1, -1, -1, 1, 1, -1, 1, -1, 1, -1, 0, 0, -1, 1, 1, -1, 1, -1, 0, 0, -1, 1, 1, -1, 1, -1, 0, 0, 1, -1, 1, -1, 1, -1, 0, 0, -1, 1, -1, 1]
model_scores is [1, 1, 1, 1, -1, 1, 1, 1, 1, 1, 1, 1, 1, 1, -1, 1, 1, 1, 1, 1, 1, 1, -1, 1, 1, 1, 1, -1, 1, 1, 1, -1, 1, -1, 1, -1, 1, 1, 1, 1, 1, 1]
53: 准确率为0.7058823529411765, kendall系数为0.4720343200308506, spearman系数为0.49705012174770835
human_scores is [1, -1, 1, -1, 0, 0, 1, -1, 1, -1, 1, -1, 1, -1, -1, 1, 1, -1, 1, -1, 1, -1, -1, 1, 1, -1, 1, -1, 1, -1, 1, -1, 1, -1, 1, -1, -1, 1, 0, 0, 1, -1]
model_scores is [1, -1, 1, -1, -1, -1, 1, -1, 1, -1, 1, -1, -1, -1, -1, 1, 1, -1, 1, -1, -1, -1, -1, 1, 1, -1, 1, -1, -1, -1, 1, -1, 1, -1, 1, -1, 1, -1, -1, 1, -1, 1]
54: 准确率为0.8157894736842105, kendall系数为0.5910931609069766, spearman系数为0.6119551977773269
human_scores is [0, 0, 1, -1, 1, -1, 1, -1, 1, -1, 1, -1, 1, -1, 1, -1, 1, -1, 1, -1, 1, -1, 0, 0, 0, 0, 1, -1, 1, -1, 0, 0, 1, -1, 1, -1, 1, -1, 1, -1, 0, 0]
model_scores is [-1, 1, 1, -1, -1, 1, -1, 1, 1, -1, 1, -1, 1, -1, 1, -1, 1, -1, 1, -1, 1, -1, -1, 1, 1, 1, 1, 1, 1, 1, 1, -1, 1, -1, 1, -1, 1, 1, 1, 1, -1, 1]
55: 准确率为0.75, kendall系数为0.42491829279939874, spearman系数为0.4493585171364586
human_scores is [0, 0, 0, 0, 0, 0, 1, -1, 1, -1, 1, -1, 0, 0, 0, 0, 1, -1, 1, -1, 1, -1, 0, 0, 1, -1, 1, -1, 1, -1, 1, -1, 1, -1, 1, -1, 0, 0, 0, 0, 0, 0]
model_scores is [1, -1, 1, -1, -1, 1, 1, -1, 1, -1, 1, -1, 1, -1, -1, 1, 1, -1, 1, -1, 1, -1, -1, 1, 1, -1, 1, -1, 1, -1, 1, -1, 1, -1, 1, -1, 1, 1, 1, 1, 1, 1]
56: 准确率为1.0, kendall系数为0.7216878364870322, spearman系数为0.7637626158259734
human_scores is [1, -1, 0, 0, 0, 0, 1, -1, 1, -1, 1, -1, -1, 1, -1, 1, 0, 0, 1, -1, 1, -1, 0, 0, 1, -1, 1, -1, 1, -1, 1, -1, 1, -1, 1, -1, 1, -1, 1, -1, 0, 0]
model_scores is [1, -1, 1, -1, -1, -1, 1, -1, 1, -1, 1, -1, -1, 1, -1, 1, -1, 1, -1, 1, -1, 1, -1, 1, -1, 1, 1, -1, -1, 1, 1, -1, 1, -1, 1, -1, 1, -1, 1, -1, -1, 1]
57: 准确率为0.75, kendall系数为0.4131671220064233, spearman系数为0.43693144875265144
human_scores is [0, 0, 1, -1, 1, -1, 1, -1, 1, -1, 1, -1, 1, -1, 1, -1, 1, -1, 1, -1, 1, -1, 0, 0, -1, 1, 1, -1, 1, -1, -1, 1, 1, -1, 1, -1, 1, -1, 1, -1, 0, 0]
model_scores is [-1, -1, 1, -1, 1, -1, 1, -1, 1, -1, 1, -1, -1, -1, -1, -1, -1, -1, 1, -1, -1, -1, -1, -1, -1, 1, 1, -1, -1, -1, -1, 1, 1, -1, -1, -1, 1, -1, 1, -1, -1, 1]
58: 准确率为0.8333333333333334, kendall系数为0.638300129800173, spearman系数为0.6675502544191458
human_scores is [1, -1, 1, -1, 1, -1, -1, 1, 1, -1, 1, -1, 0, 0, 0, 0, -1, 1, 1, -1, 1, -1, 0, 0, -1, 1, 1, -1, 1, -1, -1, 1, 1, -1, 1, -1, 1, -1, 1, -1, 0, 0]
model_scores is [-1, 1, 1, -1, 1, -1, 1, -1, 1, -1, 1, -1, 1, -1, 1, -1, 1, -1, 1, -1, 1, -1, 1, 1, 1, 1, 1, -1, 1, -1, 1, 1, 1, 1, 1, 1, 1, -1, 1, -1, 1, 1]
59: 准确率为0.7058823529411765, kendall系数为0.36713780446843935, spearman系数为0.3865945391371066
human_scores is [-1, 1, 1, -1, -1, 1, 1, -1, 1, -1, 1, -1, 1, -1, 0, 0, 1, -1, 1, -1, 1, -1, -1, 1, -1, 1, -1, 1, -1, 1, 1, -1, 1, -1, 1, -1, 0, 0, 0, 0, 0, 0]
model_scores is [1, -1, 1, -1, -1, 1, 1, -1, 1, -1, 1, -1, 1, -1, -1, 1, 1, 1, 1, -1, 1, -1, -1, 1, 1, 1, 1, 1, 1, 1, 1, -1, 1, -1, 1, -1, 1, 1, 1, 1, 1, 1]
60: 准确率为0.8235294117647058, kendall系数为0.5864192655617727, spearman系数为0.6174969805662237
human_scores is [1, -1, 0, 0, 0, 0, 1, -1, 1, -1, 1, -1, -1, 1, -1, 1, -1, 1, 0, 0, 0, 0, 0, 0, 1, -1, 1, -1, 1, -1, 1, -1, 1, -1, 1, -1, 1, -1, 1, -1, 0, 0]
model_scores is [-1, 1, -1, 1, -1, 1, -1, 1, 1, -1, -1, -1, 1, 1, -1, 1, -1, 1, 1, -1, -1, -1, -1, 1, -1, 1, 1, -1, -1, -1, 1, 1, 1, -1, 1, -1, 1, -1, 1, -1, -1, 1]
61: 准确率为0.6666666666666666, kendall系数为0.2660905781950872, spearman系数为0.28203803740888317
human_scores is [0, 0, -1, 1, -1, 1, 0, 0, 1, -1, 1, -1, -1, 1, -1, 1, 0, 0, 1, -1, 1, -1, 0, 0, 1, -1, 1, -1, 1, -1, 1, -1, 1, -1, 1, -1, 1, -1, 1, -1, 0, 0]
model_scores is [1, -1, -1, 1, -1, 1, -1, 1, 1, -1, -1, -1, -1, 1, -1, 1, -1, 1, 1, -1, -1, 1, 1, -1, 1, 1, 1, -1, 1, -1, -1, 1, 1, -1, 1, -1, 1, -1, 1, -1, -1, 1]
62: 准确率为0.8125, kendall系数为0.5158730158730159, spearman系数为0.5455447255899809
human_scores is [0, 0, 1, -1, 1, -1, 1, -1, 1, -1, 1, -1, 1, -1, 1, -1, 1, -1, 1, -1, 1, -1, 1, -1, 1, -1, 1, -1, 1, -1, 1, -1, 1, -1, 1, -1, 1, -1, 1, -1, 0, 0]
model_scores is [1, -1, 1, -1, 1, -1, 1, -1, 1, -1, 1, -1, 1, -1, -1, 1, -1, 1, -1, -1, -1, 1, -1, 1, -1, 1, -1, 1, -1, 1, 1, -1, 1, -1, -1, -1, -1, 1, -1, -1, -1, -1]
63: 准确率为0.5, kendall系数为0.0, spearman系数为0.0
human_scores is [1, -1, 1, -1, 1, -1, 1, -1, 1, -1, 1, -1, 1, -1, 1, -1, 1, -1, 1, -1, 1, -1, 0, 0, 0, 0, 1, -1, 1, -1, 0, 0, 1, -1, 1, -1, 1, -1, 1, -1, 0, 0]
model_scores is [1, -1, 1, -1, 1, -1, 1, -1, 1, -1, 1, -1, 1, 1, 1, 1, 1, 1, 1, -1, 1, 1, 1, 1, 1, 1, 1, 1, 1, 1, 1, 1, 1, -1, 1, 1, 1, 1, 1, 1, 1, 1]
64: 准确率为0.7352941176470589, kendall系数为0.5119931057520525, spearman系数为0.5391265523477459
human_scores is [1, -1, 1, -1, 1, -1, 1, -1, 1, -1, 1, -1, 1, -1, 0, 0, 1, -1, 1, -1, 1, -1, -1, 1, 1, -1, 1, -1, 1, -1, 1, -1, 1, -1, 1, -1, 0, 0, 0, 0, 0, 0]
model_scores is [-1, 1, 1, -1, -1, -1, 1, -1, 1, -1, 1, -1, 1, -1, 1, -1, 1, -1, 1, -1, 1, -1, -1, -1, -1, -1, -1, -1, 1, 1, 1, -1, -1, -1, 1, -1, -1, 1, -1, -1, 1, -1]
65: 准确率为0.7647058823529411, kendall系数为0.46575167149259805, spearman系数为0.4904345196859083
human_scores is [0, 0, 0, 0, 0, 0, 0, 0, 1, -1, 1, -1, 0, 0, 0, 0, 0, 0, 1, -1, 1, -1, 0, 0, 0, 0, 1, -1, 1, -1, 0, 0, 1, -1, 1, -1, 1, -1, 1, -1, 1, -1]
model_scores is [1, -1, 1, 1, -1, -1, 1, -1, -1, -1, -1, -1, 1, 1, -1, 1, -1, 1, 1, -1, -1, 1, -1, 1, 1, 1, -1, 1, -1, 1, 1, -1, 1, -1, -1, -1, 1, -1, -1, 1, -1, 1]
66: 准确率为0.4090909090909091, kendall系数为0.12479118841701345, spearman系数为0.13173978860172217
human_scores is [0, 0, 1, -1, 0, 0, 1, -1, 1, -1, 1, -1, 1, -1, 0, 0, 1, -1, 1, -1, 1, -1, -1, 1, 0, 0, 1, -1, 1, -1, 1, -1, 1, -1, 1, -1, 1, -1, 1, -1, 0, 0]
model_scores is [1, -1, -1, -1, -1, -1, 1, -1, 1, -1, 1, -1, -1, 1, -1, 1, -1, 1, 1, -1, 1, -1, -1, -1, 1, -1, 1, -1, 1, -1, 1, -1, 1, -1, 1, -1, 1, -1, 1, -1, 1, 1]
67: 准确率为0.8125, kendall系数为0.5182286126711848, spearman系数为0.5480358103517667
human_scores is [0, 0, 1, -1, 1, -1, 1, -1, 1, -1, 1, -1, 1, -1, 1, -1, 1, -1, 1, -1, 1, -1, 1, -1, 0, 0, 1, -1, 1, -1, -1, 1, 0, 0, 1, -1, 1, -1, 1, -1, 1, -1]
model_scores is [1, -1, -1, -1, 1, -1, 1, -1, 1, -1, 1, -1, -1, 1, -1, -1, -1, -1, 1, -1, -1, -1, 1, -1, 1, -1, 1, -1, -1, -1, 1, -1, 1, -1, -1, -1, -1, -1, -1, 1, -1, 1]
68: 准确率为0.5833333333333334, kendall系数为0.15649215928719032, spearman系数为0.1636634176769943
human_scores is [1, -1, 1, -1, 0, 0, 1, -1, 1, -1, 1, -1, 0, 0, -1, 1, 0, 0, 1, -1, 1, -1, -1, 1, 0, 0, 1, -1, 1, -1, 1, -1, 1, -1, 1, -1, 1, -1, 1, -1, 0, 0]
model_scores is [1, -1, 1, -1, -1, 1, 1, 1, 1, -1, 1, -1, 1, 1, -1, 1, 1, 1, 1, -1, 1, 1, -1, 1, 1, 1, 1, 1, 1, 1, 1, -1, 1, -1, 1, -1, 1, -1, 1, -1, 1, 1]
69: 准确率为0.875, kendall系数为0.6695340634119862, spearman系数为0.7080439675238746
human_scores is [0, 0, 1, -1, 0, 0, 1, -1, 1, -1, 1, -1, 1, -1, 0, 0, 1, -1, 1, -1, 1, -1, -1, 1, 1, -1, 1, -1, 1, -1, 1, -1, 1, -1, 1, -1, 0, 0, 0, 0, 0, 0]
model_scores is [1, -1, 1, -1, 1, -1, 1, -1, 1, -1, 1, -1, 1, -1, 1, -1, 1, -1, 1, -1, 1, -1, -1, 1, 1, -1, -1, -1, -1, -1, 1, -1, 1, -1, 1, -1, -1, -1, -1, 1, -1, 1]
70: 准确率为0.9333333333333333, kendall系数为0.698212002188447, spearman系数为0.7400575553193044
human_scores is [1, -1, 1, -1, 1, -1, 1, -1, 1, -1, 1, -1, 1, -1, 0, 0, 1, -1, 1, -1, 1, -1, -1, 1, 0, 0, 1, -1, 1, -1, 1, -1, 1, -1, 1, -1, 1, -1, 1, -1, 0, 0]
model_scores is [-1, 1, -1, 1, -1, 1, -1, 1, -1, 1, 1, -1, 1, -1, 1, 1, 1, -1, 1, -1, 1, -1, -1, 1, -1, 1, -1, 1, 1, -1, 1, -1, 1, -1, 1, -1, 1, -1, 1, -1, 1, -1]
71: 准确率为0.6666666666666666, kendall系数为0.29541957835039856, spearman系数为0.30895719032666236
human_scores is [0, 0, 1, -1, 0, 0, 1, -1, 1, -1, 1, -1, 1, -1, 0, 0, 1, -1, 1, -1, 1, -1, -1, 1, 0, 0, 0, 0, 0, 0, 1, -1, 1, -1, 1, -1, 0, 0, 0, 0, 0, 0]
model_scores is [-1, 1, 1, 1, -1, 1, -1, 1, 1, -1, 1, -1, 1, -1, -1, 1, -1, -1, 1, -1, 1, -1, -1, 1, -1, 1, 1, -1, 1, -1, 1, -1, 1, -1, 1, -1, 1, -1, 1, -1, -1, 1]
72: 准确率为0.8333333333333334, kendall系数为0.47619047619047616, spearman系数为0.5039526306789696
human_scores is [1, -1, 1, -1, 1, -1, 1, -1, 1, -1, 1, -1, 0, 0, 0, 0, 0, 0, 1, -1, 1, -1, 0, 0, 0, 0, 1, -1, 1, -1, 0, 0, 1, -1, 1, -1, 1, -1, 1, -1, 0, 0]
model_scores is [1, -1, 1, -1, 1, 1, 1, -1, 1, -1, 1, -1, 1, 1, -1, 1, 1, 1, 1, -1, 1, -1, 1, 1, 1, -1, 1, -1, 1, -1, 1, -1, 1, -1, 1, -1, 1, -1, 1, -1, 1, -1]
73: 准确率为0.9642857142857143, kendall系数为0.728145643694565, spearman系数为0.772315083521806
human_scores is [-1, 1, -1, 1, -1, 1, 1, -1, 1, -1, 1, -1, 0, 0, 0, 0, 1, -1, 1, -1, 1, -1, 0, 0, 1, -1, 1, -1, 1, -1, 1, -1, 1, -1, 1, -1, 0, 0, 0, 0, 0, 0]
model_scores is [-1, 1, 1, -1, -1, 1, 1, -1, 1, -1, 1, -1, 1, -1, -1, 1, 1, -1, 1, -1, 1, -1, -1, 1, 1, -1, 1, -1, -1, 1, 1, -1, 1, -1, 1, -1, 1, 1, -1, 1, -1, 1]
74: 准确率为0.8666666666666667, kendall系数为0.5853992720291918, spearman系数为0.6204836822995429
human_scores is [-1, 1, -1, 1, -1, 1, 1, -1, 0, 0, 1, -1, 1, -1, 1, -1, 1, -1, 1, -1, 1, -1, 0, 0, 1, -1, 1, -1, 1, -1, 1, -1, 1, -1, 1, -1, -1, 1, 0, 0, 1, -1]
model_scores is [1, -1, 1, -1, 1, -1, 1, -1, 1, -1, 1, -1, 1, -1, -1, 1, 1, -1, 1, -1, 1, -1, -1, 1, -1, -1, 1, -1, 1, -1, 1, -1, 1, -1, 1, -1, 1, 1, 1, 1, 1, 1]
75: 准确率为0.6944444444444444, kendall系数为0.34583718165724825, spearman系数为0.36168518197727895
human_scores is [0, 0, 1, -1, 0, 0, 1, -1, 1, -1, 1, -1, 1, -1, 0, 0, 1, -1, 1, -1, 1, -1, -1, 1, 0, 0, 0, 0, 1, -1, 1, -1, 1, -1, 1, -1, 0, 0, 1, -1, 1, -1]
model_scores is [1, -1, 1, -1, 1, -1, 1, -1, 1, -1, 1, -1, -1, 1, 1, 1, 1, -1, 1, -1, -1, -1, 1, -1, 1, -1, 1, -1, -1, -1, 1, -1, 1, -1, -1, -1, 1, 1, -1, 1, -1, 1]
76: 准确率为0.6333333333333333, kendall系数为0.21287246255606973, spearman系数为0.2256304299271065
human_scores is [0, 0, 1, -1, -1, 1, 1, -1, 1, -1, 1, -1, 1, -1, -1, 1, 1, -1, 1, -1, 1, -1, -1, 1, 0, 0, 1, -1, 1, -1, 1, -1, 1, -1, 1, -1, 1, -1, 1, -1, 0, 0]
model_scores is [1, 1, 1, -1, -1, 1, -1, -1, 1, -1, 1, -1, 1, -1, -1, 1, -1, -1, 1, -1, 1, -1, -1, 1, -1, 1, 1, -1, 1, -1, 1, 1, 1, -1, 1, -1, 1, -1, 1, -1, 1, 1]
77: 准确率为0.9166666666666666, kendall系数为0.7385489458759964, spearman系数为0.7723929758166558
human_scores is [1, -1, 1, -1, 0, 0, 1, -1, 1, -1, 1, -1, 0, 0, -1, 1, 0, 0, -1, 1, 0, 0, -1, 1, 0, 0, -1, 1, 0, 0, 1, -1, 1, -1, 1, -1, -1, 1, 0, 0, 1, -1]
model_scores is [1, -1, 1, -1, 1, -1, 1, -1, 1, -1, 1, -1, -1, 1, -1, 1, 1, 1, -1, 1, 1, 1, 1, 1, 1, -1, 1, 1, 1, -1, 1, -1, 1, -1, 1, -1, -1, 1, 1, 1, 1, 1]
78: 准确率为0.8928571428571429, kendall系数为0.6311528416041716, spearman系数为0.6694386813952031
human_scores is [1, -1, 1, -1, 1, -1, 1, -1, 1, -1, 1, -1, 0, 0, 0, 0, 1, -1, 1, -1, 1, -1, 0, 0, 1, -1, 1, -1, 1, -1, 1, -1, 1, -1, 1, -1, 0, 0, 0, 0, 0, 0]
model_scores is [-1, 1, -1, -1, -1, -1, -1, 1, -1, -1, -1, -1, 1, 1, 1, 1, -1, 1, 1, 1, 1, 1, 1, 1, -1, 1, -1, 1, -1, 1, -1, 1, -1, 1, -1, 1, 1, -1, 1, -1, 1, 1]
79: 准确率为0.2, kendall系数为0.48060426671681855, spearman系数为0.5094080559882429
human_scores is [0, 0, 0, 0, 0, 0, 1, -1, 1, -1, 1, -1, 0, 0, 0, 0, 1, -1, 1, -1, 1, -1, 0, 0, 1, -1, 1, -1, 1, -1, 1, -1, 1, -1, 1, -1, -1, 1, -1, 1, -1, 1]
model_scores is [1, 1, 1, 1, 1, 1, -1, -1, 1, -1, 1, -1, 1, 1, 1, 1, -1, -1, 1, 1, -1, -1, 1, 1, 1, 1, 1, 1, 1, 1, 1, 1, 1, 1, 1, -1, 1, -1, 1, -1, -1, -1]
80: 准确率为0.5333333333333333, kendall系数为0.05749302451412767, spearman系数为0.06093872210227982
human_scores is [0, 0, 1, -1, 0, 0, 1, -1, 1, -1, 1, -1, 1, -1, 0, 0, 1, -1, 1, -1, 1, -1, -1, 1, -1, 1, 0, 0, 0, 0, 1, -1, 1, -1, 1, -1, 1, -1, 1, -1, 0, 0]
model_scores is [1, -1, 1, -1, -1, 1, 1, -1, 1, -1, 1, -1, 1, 1, -1, 1, -1, -1, 1, 1, -1, 1, -1, 1, 1, 1, -1, 1, -1, 1, 1, -1, 1, -1, 1, -1, -1, 1, -1, 1, -1, 1]
81: 准确率为0.6666666666666666, kendall系数为0.2670023703982325, spearman系数为0.28300447554902386
human_scores is [-1, 1, 1, -1, 1, -1, 1, -1, 1, -1, 1, -1, 1, -1, 1, -1, 1, -1, 1, -1, 1, -1, 0, 0, 0, 0, 1, -1, 1, -1, 0, 0, 1, -1, 1, -1, 1, -1, 1, -1, 0, 0]
model_scores is [1, -1, 1, -1, 1, -1, 1, -1, 1, -1, 1, -1, 1, 1, -1, 1, -1, 1, -1, 1, -1, -1, -1, 1, -1, 1, -1, 1, -1, 1, -1, -1, 1, -1, -1, -1, 1, -1, -1, -1, -1, 1]
82: 准确率为0.5294117647058824, kendall系数为0.05078280723105074, spearman系数为0.05347407899331232
human_scores is [0, 0, 1, -1, 1, -1, 1, -1, 1, -1, 1, -1, 1, -1, 1, -1, 1, -1, 1, -1, 1, -1, 0, 0, 1, -1, 1, -1, 1, -1, 1, -1, 1, -1, 1, -1, 0, 0, 0, 0, 0, 0]
model_scores is [1, -1, 1, -1, 1, -1, 1, -1, 1, -1, 1, -1, 1, 1, -1, 1, 1, -1, 1, 1, 1, 1, -1, -1, 1, 1, 1, 1, 1, 1, 1, -1, 1, -1, 1, -1, 1, 1, 1, 1, 1, 1]
83: 准确率为0.75, kendall系数为0.4463560422746574, spearman系数为0.47202931168258305
human_scores is [0, 0, -1, 1, 0, 0, 0, 0, 1, -1, 1, -1, -1, 1, 0, 0, 0, 0, 1, -1, 1, -1, 1, -1, 1, -1, 1, -1, 1, -1, 0, 0, 1, -1, 1, -1, 1, -1, 1, -1, 0, 0]
model_scores is [1, -1, 1, -1, 1, -1, 1, -1, 1, -1, 1, -1, 1, -1, 1, -1, 1, -1, 1, -1, 1, 1, 1, 1, 1, 1, 1, 1, 1, 1, -1, 1, 1, -1, 1, -1, 1, -1, 1, 1, 1, 1]
84: 准确率为0.6428571428571429, kendall系数为0.23328473740792172, spearman系数为0.2474358296526968
human_scores is [1, -1, 0, 0, 1, -1, 1, -1, 1, -1, 1, -1, -1, 1, 0, 0, 1, -1, 1, -1, 1, -1, 1, -1, 1, -1, 1, -1, 1, -1, 1, -1, 1, -1, 1, -1, 1, -1, 1, -1, 0, 0]
model_scores is [1, -1, 1, -1, 1, -1, 1, -1, 1, -1, 1, -1, -1, 1, -1, 1, 1, -1, 1, 1, 1, -1, -1, 1, 1, -1, 1, -1, 1, -1, 1, -1, 1, -1, 1, -1, 1, 1, 1, 1, 1, -1]
85: 准确率为0.8611111111111112, kendall系数为0.6459751934999393, spearman系数为0.6755770281675171
human_scores is [-1, 1, 0, 0, 0, 0, 1, -1, 1, -1, 1, -1, 1, -1, 1, -1, 1, -1, 1, -1, 1, -1, 0, 0, 1, -1, 1, -1, 1, -1, 1, -1, 1, -1, 1, -1, 0, 0, 0, 0, 0, 0]
model_scores is [-1, 1, 1, -1, 1, 1, 1, -1, 1, -1, 1, -1, 1, -1, 1, -1, 1, -1, 1, -1, 1, -1, -1, 1, -1, 1, -1, 1, 1, 1, 1, 1, -1, -1, 1, -1, 1, 1, 1, 1, 1, 1]
86: 准确率为0.7666666666666667, kendall系数为0.4378538298694679, spearman系数为0.4640954808922572
human_scores is [1, -1, 1, -1, 1, -1, 1, -1, 1, -1, 1, -1, 0, 0, 0, 0, 0, 0, 0, 0, 1, -1, 0, 0, 0, 0, 0, 0, 1, -1, 0, 0, 0, 0, 1, -1, 0, 0, 1, -1, 1, -1]
model_scores is [1, -1, 1, -1, 1, -1, 1, 1, 1, -1, 1, -1, 1, -1, 1, 1, -1, 1, 1, -1, 1, 1, 1, 1, -1, 1, 1, 1, 1, 1, -1, 1, 1, -1, 1, 1, 1, -1, 1, -1, 1, 1]
87: 准确率为0.7727272727272727, kendall系数为0.4044462737165947, spearman系数为0.42696657733659565
human_scores is [-1, 1, -1, 1, -1, 1, -1, 1, 1, -1, -1, 1, 0, 0, 0, 0, 0, 0, 1, -1, 0, 0, 0, 0, 0, 0, 1, -1, 0, 0, 0, 0, 1, -1, 0, 0, 1, -1, 0, 0, -1, 1]
model_scores is [1, -1, -1, 1, -1, 1, -1, 1, -1, 1, 1, -1, -1, 1, -1, 1, -1, -1, -1, -1, 1, -1, -1, 1, -1, -1, -1, -1, 1, -1, 1, -1, 1, -1, 1, -1, -1, -1, 1, -1, 1, -1]
88: 准确率为0.5, kendall系数为0.0, spearman系数为0.0
human_scores is [0, 0, 1, -1, 1, -1, 1, -1, 1, -1, 1, -1, 1, -1, 1, -1, 1, -1, 1, -1, 1, -1, -1, 1, 0, 0, 0, 0, 0, 0, 1, -1, 1, -1, 1, -1, 0, 0, 0, 0, 0, 0]
model_scores is [-1, 1, 1, -1, 1, -1, 1, -1, 1, -1, 1, -1, 1, -1, 1, -1, 1, -1, 1, -1, 1, -1, -1, 1, 1, 1, 1, 1, 1, 1, 1, -1, 1, -1, 1, -1, 1, 1, 1, 1, 1, 1]
89: 准确率为1.0, kendall系数为0.8032854347689458, spearman系数为0.8520128672302585
human_scores is [1, -1, 1, -1, 1, -1, 1, -1, 1, -1, 1, -1, 0, 0, 0, 0, 0, 0, 1, -1, 1, -1, 0, 0, 0, 0, 1, -1, 1, -1, 0, 0, 1, -1, 1, -1, 1, -1, 1, -1, 0, 0]
model_scores is [1, -1, 1, -1, 1, -1, 1, -1, 1, -1, 1, -1, 1, 1, 1, 1, -1, 1, 1, -1, 1, -1, 1, 1, -1, 1, -1, -1, 1, -1, -1, 1, 1, -1, 1, -1, 1, -1, 1, -1, 1, 1]
90: 准确率为0.9642857142857143, kendall系数为0.7222222222222222, spearman系数为0.7660323462854265
human_scores is [1, -1, 0, 0, 0, 0, 0, 0, 0, 0, 1, -1, -1, 1, -1, 1, -1, 1, -1, 1, 1, -1, 0, 0, 0, 0, 0, 0, 1, -1, 0, 0, 0, 0, 1, -1, 0, 0, 1, -1, 1, -1]
model_scores is [1, -1, 1, -1, 1, -1, 1, -1, 1, -1, 1, -1, 1, 1, -1, 1, -1, 1, 1, 1, 1, -1, -1, 1, 1, 1, 1, -1, 1, -1, 1, -1, 1, -1, 1, -1, 1, -1, 1, -1, 1, 1]
91: 准确率为0.8636363636363636, kendall系数为0.5078971609060361, spearman系数为0.5361777979514285
human_scores is [1, -1, 1, -1, 1, -1, 1, -1, 1, -1, 1, -1, 1, -1, 0, 0, 1, -1, 1, -1, 1, -1, -1, 1, 1, -1, 0, 0, 0, 0, 1, -1, 1, -1, 1, -1, -1, 1, -1, 1, 0, 0]
model_scores is [-1, -1, -1, -1, 1, -1, 1, -1, 1, -1, 1, -1, -1, -1, -1, -1, 1, -1, -1, -1, 1, -1, -1, -1, 1, 1, 1, -1, 1, -1, 1, -1, 1, -1, 1, -1, -1, 1, 1, 1, 1, 1]
92: 准确率为0.7941176470588235, kendall系数为0.5078280723105074, spearman系数为0.5347407899331232
human_scores is [0, 0, 0, 0, 0, 0, 0, 0, 1, -1, 1, -1, 0, 0, 0, 0, 0, 0, 1, -1, 1, -1, 0, 0, 0, 0, 1, -1, 1, -1, 0, 0, 1, -1, 1, -1, 1, -1, 1, -1, 0, 0]
model_scores is [-1, 1, -1, -1, -1, 1, -1, 1, 1, -1, -1, -1, 1, 1, -1, 1, -1, 1, 1, -1, 1, 1, -1, 1, -1, 1, 1, -1, -1, 1, -1, -1, 1, -1, 1, -1, 1, -1, 1, -1, -1, 1]
93: 准确率为0.8, kendall系数为0.3938927711338648, spearman系数为0.4145095678246545
human_scores is [0, 0, 1, -1, 1, -1, 0, 0, 1, -1, 1, -1, 1, -1, 1, -1, 0, 0, 1, -1, 1, -1, 0, 0, -1, 1, 1, -1, 1, -1, -1, 1, 1, -1, 1, -1, 1, -1, 1, -1, 0, 0]
model_scores is [-1, -1, 1, -1, 1, -1, 1, -1, 1, -1, 1, -1, 1, -1, 1, -1, 1, -1, 1, -1, 1, -1, 1, -1, 1, -1, 1, -1, 1, 1, 1, 1, 1, 1, 1, 1, 1, 1, 1, 1, 1, 1]
94: 准确率为0.75, kendall系数为0.43065012899995947, spearman系数为0.45542003404264886
human_scores is [1, -1, 1, -1, 1, -1, 1, -1, 1, -1, 1, -1, -1, 1, 0, 0, 0, 0, 1, -1, 1, -1, 1, -1, 1, -1, 1, -1, 1, -1, 0, 0, 1, -1, 1, -1, 1, -1, 1, -1, 0, 0]
model_scores is [1, -1, 1, -1, 1, -1, 1, -1, 1, -1, 1, -1, -1, 1, 1, 1, -1, 1, 1, 1, 1, 1, 1, -1, -1, 1, 1, -1, 1, -1, -1, 1, 1, 1, 1, 1, 1, -1, 1, -1, 1, 1]
95: 准确率为0.8235294117647058, kendall系数为0.576930835593262, spearman系数为0.6075057043583103
human_scores is [-1, 1, -1, 1, -1, 1, -1, 1, 1, -1, 0, 0, 1, -1, 1, -1, 1, -1, 1, -1, 1, -1, 0, 0, 0, 0, 1, -1, 1, -1, 0, 0, 1, -1, 1, -1, 1, -1, 1, -1, -1, 1]
model_scores is [1, -1, 1, -1, 1, 1, 1, -1, 1, -1, 1, -1, 1, 1, -1, 1, 1, 1, 1, -1, 1, -1, 1, 1, 1, -1, 1, -1, 1, -1, 1, 1, 1, -1, 1, -1, 1, 1, 1, -1, 1, 1]
96: 准确率为0.6176470588235294, kendall系数为0.21324336929519006, spearman系数为0.22454435656953592
human_scores is [-1, 1, 1, -1, 1, -1, 1, -1, 1, -1, 1, -1, 1, -1, 1, -1, 1, -1, 1, -1, 1, -1, 0, 0, 0, 0, 0, 0, 1, -1, 0, 0, 0, 0, 1, -1, 0, 0, 1, -1, 1, -1]
model_scores is [1, -1, 1, -1, -1, -1, 1, -1, -1, -1, 1, -1, 1, 1, -1, 1, -1, -1, -1, 1, 1, -1, -1, 1, -1, 1, -1, 1, -1, 1, -1, 1, -1, 1, 1, -1, -1, 1, 1, 1, 1, -1]
97: 准确率为0.5666666666666667, kendall系数为0.10643623127803487, spearman系数为0.11281521496355325
human_scores is [1, -1, 1, -1, 1, -1, 1, -1, 1, -1, 1, -1, 1, -1, 1, -1, 0, 0, 1, -1, 1, -1, 0, 0, -1, 1, 1, -1, 0, 0, -1, 1, 1, -1, 0, 0, 1, -1, 1, -1, -1, 1]
model_scores is [1, -1, 1, -1, 1, -1, 1, -1, 1, -1, 1, -1, -1, 1, -1, 1, -1, 1, -1, 1, -1, 1, -1, 1, 1, 1, -1, 1, 1, 1, 1, -1, -1, -1, 1, -1, -1, 1, 1, 1, 1, -1]
98: 准确率为0.4411764705882353, kendall系数为0.1009829038903269, spearman系数为0.10633456624476717
human_scores is [0, 0, 1, -1, 1, -1, 1, -1, 1, -1, 1, -1, 1, -1, 1, -1, 1, -1, 1, -1, 1, -1, 0, 0, 0, 0, 1, -1, 1, -1, 0, 0, 1, -1, 1, -1, 1, -1, 1, -1, 0, 0]
model_scores is [-1, -1, 1, -1, -1, 1, 1, -1, 1, -1, 1, -1, 1, -1, -1, 1, -1, -1, 1, -1, 1, -1, -1, 1, -1, 1, 1, 1, -1, 1, 1, -1, 1, -1, 1, -1, 1, -1, 1, -1, -1, 1]
99: 准确率为0.75, kendall系数为0.4131671220064233, spearman系数为0.43693144875265144
平均准确率为0.7412403736614261, 平均kendall系数为0.42821199783319513, 平均spearman系数为0.4516817535916296
