model1: glm3_6b ------ test: output_dialog...........
human_scores is [0, 0, 1, -1, 0, 0, 0, 0, 1, -1, 1, -1, 1, -1, 0, 0, 0, 0, 1, -1, 1, -1, -1, 1, -1, 1, 1, -1, 1, -1, 0, 0, 1, -1, 1, -1, 1, -1, 1, -1, 0, 0]
model_scores is [-1, -1, 1, -1, -1, -1, -1, -1, -1, -1, -1, -1, 1, -1, -1, -1, -1, -1, -1, -1, -1, -1, -1, 1, -1, 1, -1, -1, -1, -1, -1, -1, 1, -1, -1, -1, 1, -1, 1, -1, 0, -1]
0: 准确率为0.75, kendall系数为0.5011933191197055, spearman系数为0.5309046581991544
human_scores is [1, -1, 1, -1, 0, 0, 1, -1, 1, -1, 0, 0, 0, 0, -1, 1, 1, -1, 1, -1, -1, 1, -1, 1, 1, -1, 1, -1, -1, 1, 1, -1, 1, -1, 0, 0, 0, 0, -1, 1, -1, 1]
model_scores is [-1, -1, -1, -1, -1, -1, -1, -1, -1, -1, -1, -1, -1, -1, -1, -1, -1, -1, -1, -1, -1, -1, -1, -1, -1, -1, -1, -1, -1, -1, -1, -1, -1, -1, -1, -1, -1, -1, -1, -1, -1, -1]
1: 准确率为0.5, kendall系数为0, spearman系数为0
human_scores is [-1, 1, 0, 0, -1, 1, 1, -1, 1, -1, 0, 0, 1, -1, 0, 0, 1, -1, 1, -1, 1, -1, -1, 1, 1, -1, 1, -1, 0, 0, 1, -1, 1, -1, 1, -1, 0, 0, -1, 1, -1, 1]
model_scores is [-1, -1, -1, -1, -1, -1, -1, -1, -1, -1, -1, -1, -1, -1, -1, -1, -1, -1, -1, -1, -1, -1, -1, -1, -1, -1, -1, -1, -1, -1, -1, -1, -1, -1, -1, -1, -1, -1, -1, -1, -1, -1]
2: 准确率为0.5, kendall系数为0, spearman系数为0
human_scores is [0, 0, -1, 1, 0, 0, -1, 1, 1, -1, 1, -1, -1, 1, 0, 0, -1, 1, 1, -1, 1, -1, 1, -1, 0, 0, 1, -1, 1, -1, -1, 1, 1, -1, 1, -1, 1, -1, 1, -1, 0, 0]
model_scores is [-1, -1, 1, -1, -1, -1, 1, -1, 1, -1, 1, -1, -1, -1, -1, -1, -1, -1, -1, -1, -1, -1, -1, -1, -1, -1, -1, -1, -1, -1, -1, -1, -1, -1, -1, -1, -1, -1, 1, -1, -1, -1]
3: 准确率为0.53125, kendall系数为0.07964825072682917, spearman系数为0.08422941644458065
human_scores is [1, -1, 1, -1, 1, -1, 1, -1, 1, -1, 1, -1, 0, 0, 0, 0, 1, -1, 0, 0, 1, -1, 0, 0, 1, -1, 0, 0, 1, -1, 1, -1, 0, 0, 1, -1, -1, 1, 0, 0, 1, -1]
model_scores is [-1, -1, -1, -1, -1, -1, 1, -1, -1, -1, -1, -1, -1, 1, -1, -1, 0, -1, -1, -1, -1, -1, -1, -1, 1, -1, -1, -1, -1, -1, 0, -1, -1, -1, -1, -1, 0, -1, -1, -1, -1, -1]
4: 准确率为0.5892857142857143, kendall系数为0.2336893946719914, spearman系数为0.2551940018603828
human_scores is [1, -1, 1, -1, 1, -1, 1, -1, 1, -1, 1, -1, 0, 0, 0, 0, 1, -1, 1, -1, 1, -1, 0, 0, 1, -1, 1, -1, 1, -1, 1, -1, 1, -1, 1, -1, 0, 0, 0, 0, 0, 0]
model_scores is [-1, 1, -1, -1, -1, -1, -1, -1, -1, -1, -1, -1, -1, -1, -1, -1, 1, -1, -1, -1, -1, -1, -1, -1, -1, -1, -1, -1, -1, -1, -1, -1, -1, -1, -1, -1, -1, -1, -1, -1, -1, -1]
5: 准确率为0.5, kendall系数为0.0, spearman系数为0.0
human_scores is [0, 0, -1, 1, -1, 1, 1, -1, 1, -1, 1, -1, -1, 1, -1, 1, 1, -1, 1, -1, 1, -1, 0, 0, 1, -1, 1, -1, 1, -1, 1, -1, 1, -1, 1, -1, 0, 0, 0, 0, 0, 0]
model_scores is [-1, -1, -1, -1, -1, -1, -1, -1, -1, -1, -1, -1, -1, -1, -1, -1, -1, -1, -1, -1, -1, -1, -1, -1, -1, -1, -1, -1, -1, -1, -1, -1, -1, -1, -1, -1, 1, -1, 1, -1, -1, -1]
6: 准确率为0.5, kendall系数为0.0, spearman系数为0.0
human_scores is [1, -1, 1, -1, 1, -1, 1, -1, 1, -1, 1, -1, 1, -1, 0, 0, 0, 0, 1, -1, 0, 0, -1, 1, -1, 1, 0, 0, -1, 1, 0, 0, 1, -1, 0, 0, 1, -1, 0, 0, -1, 1]
model_scores is [-1, -1, -1, -1, -1, -1, -1, -1, -1, -1, -1, -1, -1, -1, -1, -1, -1, -1, -1, -1, -1, -1, -1, -1, -1, -1, -1, -1, -1, -1, -1, -1, -1, -1, -1, -1, -1, -1, -1, -1, -1, -1]
7: 准确率为0.5, kendall系数为0, spearman系数为0
human_scores is [0, 0, 0, 0, 0, 0, 1, -1, 1, -1, 1, -1, 0, 0, 0, 0, 1, -1, 1, -1, 1, -1, 0, 0, 1, -1, 1, -1, 1, -1, 1, -1, 1, -1, 1, -1, 1, -1, 1, -1, 0, 0]
model_scores is [-1, -1, -1, -1, -1, -1, -1, -1, -1, -1, -1, -1, -1, -1, -1, 0, -1, 0, -1, -1, -1, -1, -1, 1, -1, -1, -1, -1, -1, -1, -1, 1, -1, -1, -1, -1, -1, -1, -1, -1, -1, -1]
8: 准确率为0.44642857142857145, kendall系数为0.1849000654084097, spearman系数为0.19843134832984435
human_scores is [0, 0, 1, -1, 0, 0, 1, -1, 1, -1, 1, -1, 1, -1, 0, 0, 1, -1, 1, -1, 1, -1, -1, 1, 1, -1, 1, -1, 1, -1, 1, -1, 1, -1, 1, -1, 0, 0, 0, 0, 0, 0]
model_scores is [-1, 1, -1, -1, -1, -1, -1, -1, -1, -1, -1, -1, -1, -1, -1, -1, -1, -1, -1, -1, -1, -1, -1, -1, -1, -1, -1, -1, -1, -1, -1, -1, -1, -1, -1, -1, -1, -1, -1, -1, -1, -1]
9: 准确率为0.5, kendall系数为0.0, spearman系数为0.0
human_scores is [1, -1, 1, -1, 1, -1, 1, -1, 1, -1, 1, -1, 1, -1, 0, 0, 1, -1, 1, -1, 1, -1, -1, 1, 1, -1, 0, 0, 1, -1, 1, -1, 1, -1, 1, -1, -1, 1, 0, 0, 1, -1]
model_scores is [-1, -1, -1, -1, -1, -1, -1, -1, -1, -1, -1, -1, -1, -1, -1, -1, -1, -1, -1, -1, -1, -1, -1, -1, -1, -1, -1, -1, -1, -1, -1, -1, -1, -1, -1, -1, -1, -1, -1, -1, -1, -1]
10: 准确率为0.5, kendall系数为0, spearman系数为0
human_scores is [1, -1, 1, -1, 1, -1, 1, -1, 1, -1, 1, -1, -1, 1, -1, 1, -1, 1, 0, 0, -1, 1, 0, 0, -1, 1, 1, -1, 0, 0, -1, 1, 1, -1, 0, 0, 1, -1, 1, -1, -1, 1]
model_scores is [-1, -1, 1, -1, -1, -1, -1, -1, 1, -1, -1, -1, -1, -1, -1, -1, -1, 0, -1, -1, -1, -1, -1, 1, -1, -1, 0, -1, -1, -1, -1, -1, 1, -1, -1, -1, -1, -1, -1, -1, -1, -1]
11: 准确率为0.6176470588235294, kendall系数为0.3469761881914766, spearman系数为0.3735308337978668
human_scores is [-1, 1, -1, 1, 0, 0, 0, 0, 1, -1, 0, 0, -1, 1, 1, -1, 1, -1, 1, -1, 1, -1, 1, -1, 1, -1, 1, -1, 1, -1, 0, 0, 1, -1, 0, 0, 1, -1, 0, 0, -1, 1]
model_scores is [-1, -1, -1, -1, -1, -1, -1, -1, -1, -1, -1, -1, -1, -1, -1, -1, -1, -1, -1, -1, -1, -1, -1, -1, -1, -1, -1, -1, -1, -1, -1, -1, -1, -1, -1, -1, 1, -1, -1, -1, -1, -1]
12: 准确率为0.5333333333333333, kendall系数为0.17433873995086344, spearman系数为0.18478728707195916
human_scores is [1, -1, 1, -1, 1, -1, 1, -1, 1, -1, 1, -1, -1, 1, 0, 0, 1, -1, 0, 0, 1, -1, 1, -1, 1, -1, 1, -1, 1, -1, 1, -1, 0, 0, 1, -1, -1, 1, 0, 0, 1, -1]
model_scores is [-1, -1, -1, -1, -1, -1, -1, -1, -1, -1, -1, -1, -1, -1, -1, -1, -1, -1, -1, -1, -1, -1, -1, -1, 1, -1, -1, -1, -1, -1, -1, -1, -1, 0, -1, -1, -1, 0, -1, -1, 1, 0]
13: 准确率为0.5588235294117647, kendall系数为0.16496645641216784, spearman系数为0.17476551841063892
human_scores is [0, 0, 0, 0, -1, 1, -1, 1, 0, 0, 1, -1, 0, 0, -1, 1, -1, 1, 0, 0, 1, -1, -1, 1, -1, 1, 0, 0, 1, -1, 0, 0, 1, -1, 1, -1, 1, -1, 1, -1, 1, -1]
model_scores is [1, -1, 0, -1, -1, 1, -1, -1, -1, -1, -1, -1, -1, -1, -1, -1, -1, 1, -1, 1, -1, -1, -1, -1, -1, -1, -1, -1, -1, -1, -1, -1, -1, -1, -1, -1, -1, -1, -1, -1, -1, -1]
14: 准确率为0.5714285714285714, kendall系数为0.17398364630583477, spearman系数为0.18414108879651286
human_scores is [1, -1, 1, -1, 0, 0, 1, -1, 1, -1, 1, -1, -1, 1, -1, 1, 0, 0, 1, -1, 1, -1, -1, 1, 1, -1, 1, -1, 1, -1, 1, -1, 1, -1, 1, -1, 1, -1, 1, -1, 0, 0]
model_scores is [-1, -1, -1, -1, -1, -1, -1, -1, -1, -1, -1, -1, -1, -1, -1, -1, -1, -1, -1, -1, -1, -1, -1, -1, -1, -1, -1, -1, -1, -1, -1, -1, -1, -1, -1, -1, -1, -1, -1, -1, -1, -1]
15: 准确率为0.5, kendall系数为0, spearman系数为0
human_scores is [-1, 1, 0, 0, 1, -1, 1, -1, 0, 0, 1, -1, 1, -1, 1, -1, 1, -1, 1, -1, 1, -1, 1, -1, 1, -1, 0, 0, 1, -1, 1, -1, -1, 1, 1, -1, -1, 1, 0, 0, 1, -1]
model_scores is [-1, -1, -1, -1, -1, -1, -1, -1, -1, -1, -1, -1, -1, -1, -1, -1, -1, -1, -1, -1, -1, -1, -1, -1, -1, -1, -1, -1, -1, -1, -1, -1, -1, -1, -1, -1, -1, -1, -1, -1, -1, -1]
16: 准确率为0.5, kendall系数为0, spearman系数为0
human_scores is [0, 0, 0, 0, -1, 1, 1, -1, -1, 1, -1, 1, 0, 0, -1, 1, 1, -1, -1, 1, -1, 1, -1, 1, 1, -1, -1, 1, -1, 1, 1, -1, 1, -1, 1, -1, -1, 1, -1, 1, 0, 0]
model_scores is [-1, -1, -1, -1, -1, -1, -1, -1, -1, -1, -1, -1, -1, -1, -1, -1, -1, -1, -1, -1, -1, -1, -1, -1, -1, -1, -1, -1, -1, -1, -1, -1, -1, -1, -1, -1, -1, -1, -1, -1, -1, -1]
17: 准确率为0.5, kendall系数为0, spearman系数为0
human_scores is [0, 0, -1, 1, -1, 1, -1, 1, 0, 0, 1, -1, -1, 1, -1, 1, -1, 1, 0, 0, 1, -1, 1, -1, 1, -1, 1, -1, 1, -1, 1, -1, 1, -1, 1, -1, 1, -1, 1, -1, 1, -1]
model_scores is [-1, 1, -1, -1, -1, -1, -1, 1, -1, -1, -1, -1, -1, -1, -1, -1, -1, -1, -1, -1, -1, -1, -1, -1, -1, -1, -1, -1, -1, -1, -1, -1, -1, -1, -1, -1, -1, -1, -1, -1, -1, -1]
18: 准确率为0.5277777777777778, kendall系数为0.11547005383792516, spearman系数为0.120761472884912
human_scores is [-1, 1, 1, -1, 1, -1, 1, -1, 1, -1, 1, -1, 1, -1, 1, -1, 1, -1, 1, -1, 1, -1, 0, 0, 0, 0, 0, 0, 0, 0, 0, 0, 0, 0, 0, 0, 0, 0, 0, 0, 0, 0]
model_scores is [-1, -1, -1, -1, -1, -1, -1, -1, -1, -1, -1, -1, -1, -1, -1, -1, -1, -1, -1, 1, -1, -1, -1, -1, -1, -1, -1, 1, -1, -1, -1, -1, -1, -1, -1, -1, 1, -1, -1, -1, -1, -1]
19: 准确率为0.45454545454545453, kendall系数为0.12100054664418303, spearman系数为0.12773807700531709
human_scores is [-1, 1, -1, 1, -1, 1, 0, 0, -1, 1, 0, 0, 1, -1, 1, -1, 1, -1, 1, -1, 1, -1, 0, 0, 1, -1, 0, 0, 1, -1, 1, -1, 0, 0, 1, -1, -1, 1, 0, 0, 1, -1]
model_scores is [-1, -1, -1, -1, -1, -1, -1, -1, 0, -1, 1, -1, -1, -1, 1, -1, 1, -1, 1, -1, 1, -1, -1, -1, -1, -1, -1, -1, 0, -1, -1, -1, -1, -1, -1, -1, -1, -1, -1, -1, -1, -1]
20: 准确率为0.6333333333333333, kendall系数为0.28998130462209715, spearman系数为0.3156982414670371
human_scores is [1, -1, 1, -1, 1, -1, 1, -1, 1, -1, 1, -1, 1, -1, 1, -1, 0, 0, 1, -1, 1, -1, 0, 0, -1, 1, 1, -1, 1, -1, -1, 1, 1, -1, 1, -1, 1, -1, 1, -1, 0, 0]
model_scores is [-1, 0, -1, -1, -1, -1, -1, -1, -1, -1, -1, -1, 1, -1, -1, -1, -1, -1, -1, -1, -1, -1, -1, -1, -1, -1, -1, -1, -1, -1, 1, -1, -1, -1, -1, -1, -1, -1, -1, -1, -1, -1]
21: 准确率为0.4861111111111111, kendall系数为0.09073137143013725, spearman系数为0.09504432475203349
human_scores is [1, -1, 1, -1, 1, -1, 1, -1, 1, -1, 1, -1, 1, -1, 1, -1, 1, -1, 1, -1, 1, -1, 0, 0, 1, -1, 1, -1, 1, -1, 1, -1, 1, -1, 1, -1, 0, 0, 0, 0, 0, 0]
model_scores is [-1, -1, -1, -1, -1, -1, 1, -1, -1, -1, -1, -1, -1, -1, -1, -1, -1, -1, -1, -1, -1, -1, -1, -1, -1, -1, -1, -1, -1, -1, -1, -1, -1, -1, -1, -1, -1, -1, -1, -1, -1, -1]
22: 准确率为0.5294117647058824, kendall系数为0.16484153487626937, spearman系数为0.1735774317722784
human_scores is [-1, 1, 0, 0, -1, 1, -1, 1, 0, 0, 0, 0, 1, -1, 0, 0, 0, 0, 1, -1, 1, -1, -1, 1, -1, 1, 0, 0, 0, 0, 0, 0, 1, -1, 1, -1, 1, -1, 1, -1, 0, 0]
model_scores is [-1, -1, -1, -1, -1, 1, -1, -1, -1, -1, -1, -1, -1, -1, -1, -1, -1, -1, -1, -1, -1, -1, -1, -1, -1, -1, -1, -1, -1, -1, -1, -1, -1, -1, -1, -1, -1, -1, -1, -1, -1, -1]
23: 准确率为0.5416666666666666, kendall系数为0.1952172023607576, spearman系数为0.20659846763533438
human_scores is [0, 0, -1, 1, 0, 0, 1, -1, -1, 1, 1, -1, -1, 1, 0, 0, 1, -1, -1, 1, 1, -1, 1, -1, 1, -1, 1, -1, 1, -1, 1, -1, -1, 1, 1, -1, -1, 1, 0, 0, 1, -1]
model_scores is [1, -1, -1, -1, 0, 1, -1, -1, 0, -1, 1, -1, -1, -1, -1, 1, -1, -1, -1, -1, -1, -1, -1, -1, -1, -1, -1, -1, -1, -1, -1, -1, -1, -1, 1, -1, -1, -1, -1, 1, -1, -1]
24: 准确率为0.5441176470588235, kendall系数为0.08267483545531984, spearman系数为0.08308787379179845
human_scores is [1, -1, 1, -1, 1, -1, 0, 0, 1, -1, 1, -1, 1, -1, 1, -1, -1, 1, 1, -1, 1, -1, 0, 0, -1, 1, 0, 0, 1, -1, -1, 1, 0, 0, 1, -1, 1, -1, 1, -1, 1, -1]
model_scores is [-1, 1, -1, -1, -1, -1, 1, -1, 1, -1, -1, -1, -1, 1, -1, 1, 1, -1, 1, -1, 1, -1, -1, 1, -1, -1, -1, -1, -1, -1, -1, 0, -1, -1, -1, -1, 0, -1, -1, 0, -1, -1]
25: 准确率为0.4852941176470588, kendall系数为0.015023154267185592, spearman系数为0.016560059430847932
human_scores is [-1, 1, 0, 0, -1, 1, -1, 1, -1, 1, -1, 1, 1, -1, 0, 0, -1, 1, 0, 0, 0, 0, -1, 1, -1, 1, -1, 1, -1, 1, -1, 1, 0, 0, 0, 0, 1, -1, 1, -1, 0, 0]
model_scores is [-1, -1, -1, -1, -1, -1, -1, -1, -1, 1, -1, -1, -1, -1, -1, -1, -1, -1, -1, -1, -1, -1, -1, -1, -1, -1, 1, 1, -1, -1, -1, -1, -1, -1, -1, -1, 1, 1, -1, -1, -1, -1]
26: 准确率为0.5357142857142857, kendall系数为0.08489527199560176, spearman系数为0.09004503377814964
human_scores is [1, -1, 1, -1, 1, -1, 1, -1, 1, -1, 1, -1, 1, -1, -1, 1, 1, -1, 0, 0, 1, -1, -1, 1, 0, 0, -1, 1, 0, 0, 1, -1, 1, -1, 1, -1, -1, 1, 0, 0, 1, -1]
model_scores is [-1, -1, -1, -1, -1, -1, -1, -1, -1, -1, 1, -1, -1, -1, -1, -1, -1, -1, -1, -1, -1, -1, -1, -1, -1, -1, -1, -1, -1, -1, -1, -1, -1, -1, 1, -1, -1, -1, -1, -1, -1, -1]
27: 准确率为0.5588235294117647, kendall系数为0.2360171600154253, spearman系数为0.24852506087385423
human_scores is [-1, 1, 0, 0, 1, -1, 1, -1, 1, -1, 1, -1, 1, -1, 1, -1, 1, -1, 1, -1, 1, -1, 1, -1, 1, -1, 1, -1, 1, -1, 0, 0, 1, -1, 1, -1, 1, -1, 1, -1, 0, 0]
model_scores is [-1, -1, -1, -1, -1, -1, 1, -1, -1, -1, -1, -1, -1, -1, -1, -1, 1, -1, -1, -1, -1, -1, -1, -1, 1, -1, -1, -1, -1, -1, 1, -1, -1, -1, -1, -1, -1, -1, -1, -1, -1, -1]
28: 准确率为0.5833333333333334, kendall系数为0.2513123449750173, spearman系数为0.26282874151892344
human_scores is [-1, 1, 1, -1, -1, 1, 1, -1, 1, -1, 1, -1, 1, -1, 0, 0, 1, -1, 1, -1, 1, -1, -1, 1, 1, -1, 1, -1, 1, -1, 1, -1, 1, -1, 1, -1, 0, 0, 0, 0, 0, 0]
model_scores is [-1, -1, -1, -1, -1, -1, -1, -1, -1, -1, -1, -1, -1, -1, -1, -1, -1, -1, -1, -1, -1, -1, -1, -1, -1, -1, -1, -1, -1, -1, -1, -1, -1, -1, -1, -1, -1, -1, -1, -1, -1, -1]
29: 准确率为0.5, kendall系数为0, spearman系数为0
human_scores is [1, -1, 1, -1, 0, 0, -1, 1, 1, -1, 1, -1, 1, -1, -1, 1, -1, 1, 0, 0, 1, -1, -1, 1, -1, 1, -1, 1, 0, 0, -1, 1, 1, -1, 1, -1, 1, -1, 1, -1, 1, -1]
model_scores is [-1, -1, -1, -1, -1, -1, -1, -1, -1, -1, -1, -1, -1, -1, -1, -1, -1, -1, -1, -1, -1, -1, -1, -1, -1, -1, -1, -1, -1, -1, -1, -1, -1, -1, -1, -1, -1, -1, -1, -1, -1, -1]
30: 准确率为0.5, kendall系数为0, spearman系数为0
human_scores is [-1, 1, 0, 0, 1, -1, 1, -1, 1, -1, 1, -1, 1, -1, 1, -1, 1, -1, 1, -1, 1, -1, 1, -1, 1, -1, 1, -1, 1, -1, 0, 0, 1, -1, 0, 0, 1, -1, 0, 0, -1, 1]
model_scores is [-1, -1, -1, -1, -1, -1, -1, -1, -1, -1, -1, -1, -1, -1, -1, -1, -1, -1, -1, -1, -1, -1, -1, -1, -1, -1, -1, -1, -1, -1, -1, -1, -1, -1, -1, -1, -1, -1, -1, -1, -1, -1]
31: 准确率为0.5, kendall系数为0, spearman系数为0
human_scores is [1, -1, -1, 1, 1, -1, -1, 1, 0, 0, 1, -1, -1, 1, -1, 1, -1, 1, -1, 1, 0, 0, 1, -1, 0, 0, 1, -1, 1, -1, -1, 1, -1, 1, 1, -1, 1, -1, 1, -1, 1, -1]
model_scores is [-1, -1, -1, -1, -1, -1, -1, -1, -1, -1, -1, -1, -1, -1, -1, -1, -1, -1, -1, -1, -1, -1, -1, -1, -1, -1, -1, -1, -1, -1, -1, -1, -1, -1, -1, -1, -1, -1, -1, -1, -1, -1]
32: 准确率为0.5, kendall系数为0, spearman系数为0
human_scores is [0, 0, 1, -1, 1, -1, 1, -1, 1, -1, 1, -1, 1, -1, 1, -1, 1, -1, 1, -1, 1, -1, -1, 1, 0, 0, 0, 0, 0, 0, 1, -1, 1, -1, 1, -1, 0, 0, 0, 0, 0, 0]
model_scores is [-1, -1, -1, -1, -1, -1, -1, -1, -1, -1, -1, -1, -1, -1, -1, -1, 1, -1, -1, -1, -1, -1, -1, -1, -1, -1, -1, -1, -1, -1, -1, -1, -1, -1, -1, -1, -1, -1, -1, -1, -1, -1]
33: 准确率为0.5357142857142857, kendall系数为0.18033392693348646, spearman系数为0.1912730139190015
human_scores is [-1, 1, 1, -1, 0, 0, 1, -1, 1, -1, 1, -1, 1, -1, 1, -1, 1, -1, 1, -1, 1, -1, -1, 1, 0, 0, -1, 1, 0, 0, 1, -1, 1, -1, 1, -1, -1, 1, 0, 0, 1, -1]
model_scores is [0, 0, -1, 0, -1, 0, -1, 1, -1, 0, -1, 0, 0, 0, 0, -1, -1, -1, 0, 0, 0, 0, 0, 0, -1, -1, 1, -1, 0, -1, -1, 0, 1, 0, 1, 0, -1, 1, -1, -1, -1, 0]
34: 准确率为0.4411764705882353, kendall系数为0.18242069763151814, spearman系数为0.1923527135533344
human_scores is [1, -1, 1, -1, 1, -1, 1, -1, 1, -1, 1, -1, 0, 0, -1, 1, 0, 0, -1, 1, 0, 0, -1, 1, 0, 0, -1, 1, 0, 0, 1, -1, 0, 0, 1, -1, -1, 1, 0, 0, 1, -1]
model_scores is [-1, -1, -1, -1, -1, -1, -1, -1, -1, 1, -1, -1, -1, -1, -1, -1, -1, -1, -1, 0, -1, -1, -1, -1, -1, -1, -1, -1, -1, -1, -1, -1, -1, -1, -1, -1, -1, -1, -1, -1, -1, -1]
35: 准确率为0.48214285714285715, kendall系数为0.004582144993568458, spearman系数为0.00651856687591279
human_scores is [1, -1, 1, -1, 1, -1, 1, -1, 1, -1, 1, -1, 0, 0, 1, -1, 1, -1, 1, -1, 1, -1, 1, -1, 1, -1, 1, -1, 1, -1, 0, 0, 0, 0, 0, 0, 0, 0, 0, 0, 0, 0]
model_scores is [-1, -1, -1, -1, -1, -1, -1, -1, -1, -1, -1, -1, -1, -1, -1, -1, -1, -1, -1, -1, -1, -1, -1, -1, -1, -1, -1, -1, -1, -1, -1, -1, -1, -1, -1, -1, -1, -1, -1, -1, -1, -1]
36: 准确率为0.5, kendall系数为0, spearman系数为0
human_scores is [1, -1, 0, 0, 1, -1, 1, -1, 1, -1, 1, -1, -1, 1, 0, 0, 1, -1, 1, -1, 1, -1, 1, -1, 1, -1, 1, -1, 1, -1, 1, -1, 1, -1, 1, -1, 1, -1, 1, -1, 0, 0]
model_scores is [1, -1, -1, -1, 1, -1, -1, -1, -1, -1, -1, -1, -1, -1, -1, -1, -1, -1, -1, 1, -1, -1, -1, -1, -1, -1, -1, -1, -1, -1, -1, -1, -1, -1, -1, -1, -1, -1, -1, -1, -1, -1]
37: 准确率为0.5277777777777778, kendall系数为0.09548198320525772, spearman系数为0.09985744825254635
human_scores is [1, -1, 1, -1, 1, -1, 1, -1, 1, -1, 1, -1, 0, 0, 0, 0, 1, -1, 1, -1, 1, -1, 0, 0, 1, -1, 1, -1, 1, -1, 1, -1, 1, -1, 1, -1, 0, 0, 0, 0, 0, 0]
model_scores is [0, 0, -1, -1, -1, -1, 0, 0, -1, -1, -1, -1, 0, 0, 0, 0, 0, 0, -1, -1, -1, -1, 0, -1, 0, -1, -1, -1, 0, -1, 0, -1, -1, -1, 1, -1, -1, -1, -1, -1, -1, 1]
38: 准确率为0.5833333333333334, kendall系数为0.2217221214960275, spearman系数为0.24003967925959166
human_scores is [1, -1, 1, -1, 1, -1, 1, -1, 1, -1, 1, -1, 0, 0, 0, 0, 1, -1, 1, -1, 1, -1, 0, 0, 1, -1, 1, -1, 1, -1, 1, -1, 1, -1, 1, -1, 0, 0, 0, 0, 0, 0]
model_scores is [1, -1, -1, -1, 1, -1, -1, -1, 1, -1, 1, -1, -1, -1, -1, -1, -1, -1, -1, -1, -1, -1, -1, -1, -1, -1, -1, -1, -1, -1, -1, 1, -1, -1, -1, -1, 1, -1, -1, -1, -1, -1]
39: 准确率为0.6, kendall系数为0.227866357593825, spearman系数为0.241522945769824
human_scores is [-1, 1, 0, 0, 0, 0, 0, 0, 1, -1, 1, -1, 1, -1, 1, -1, 1, -1, 1, -1, 1, -1, 0, 0, 0, 0, 1, -1, 1, -1, 0, 0, 1, -1, 1, -1, 1, -1, 1, -1, 0, 0]
model_scores is [-1, 1, -1, -1, -1, -1, -1, -1, -1, -1, -1, -1, -1, -1, -1, -1, -1, -1, -1, -1, -1, -1, -1, 1, -1, -1, -1, -1, -1, -1, -1, -1, -1, -1, -1, -1, -1, -1, -1, -1, -1, -1]
40: 准确率为0.5357142857142857, kendall系数为0.12909944487358055, spearman系数为0.13693063937629155
human_scores is [1, -1, 1, -1, 1, -1, 1, -1, 1, -1, 1, -1, 1, -1, 1, -1, 1, -1, 1, -1, 1, -1, 0, 0, 1, -1, 1, -1, 1, -1, 1, -1, 1, -1, 1, -1, 0, 0, 0, 0, 0, 0]
model_scores is [-1, -1, -1, -1, -1, -1, 1, -1, -1, -1, -1, -1, -1, -1, -1, -1, -1, -1, -1, -1, -1, -1, -1, -1, -1, -1, -1, -1, -1, -1, -1, -1, -1, -1, -1, -1, -1, -1, -1, -1, -1, -1]
41: 准确率为0.5294117647058824, kendall系数为0.16484153487626937, spearman系数为0.1735774317722784
human_scores is [1, -1, 0, 0, -1, 1, 1, -1, 1, -1, 1, -1, -1, 1, -1, 1, 0, 0, 1, -1, 1, -1, -1, 1, 1, -1, 1, -1, 1, -1, 1, -1, 1, -1, 1, -1, 1, -1, 1, -1, 0, 0]
model_scores is [-1, -1, -1, -1, -1, -1, -1, -1, -1, -1, -1, -1, -1, -1, -1, -1, -1, -1, -1, -1, -1, -1, -1, -1, -1, -1, -1, -1, -1, -1, -1, -1, -1, -1, -1, -1, -1, -1, -1, -1, -1, -1]
42: 准确率为0.5, kendall系数为0, spearman系数为0
human_scores is [1, -1, 1, -1, 0, 0, 1, -1, 1, -1, 1, -1, -1, 1, -1, 1, 1, -1, 1, -1, 1, -1, -1, 1, 1, -1, 1, -1, 1, -1, 1, -1, 1, -1, 1, -1, 1, -1, 0, 0, -1, 1]
model_scores is [-1, -1, -1, -1, -1, -1, -1, -1, -1, -1, -1, -1, -1, -1, -1, -1, -1, -1, -1, -1, -1, -1, -1, -1, -1, -1, -1, -1, -1, -1, -1, -1, -1, -1, -1, -1, -1, -1, -1, -1, -1, -1]
43: 准确率为0.5, kendall系数为0, spearman系数为0
human_scores is [0, 0, -1, 1, 0, 0, 1, -1, 1, -1, 1, -1, -1, 1, 0, 0, 1, -1, 1, -1, 1, -1, 1, -1, 1, -1, 1, -1, 1, -1, 1, -1, 1, -1, 1, -1, 0, 0, 0, 0, 0, 0]
model_scores is [-1, -1, -1, -1, -1, -1, -1, -1, -1, -1, -1, -1, -1, -1, -1, -1, -1, -1, -1, -1, -1, -1, -1, -1, -1, -1, -1, -1, -1, -1, -1, -1, -1, -1, -1, -1, -1, -1, -1, -1, -1, -1]
44: 准确率为0.5, kendall系数为0, spearman系数为0
human_scores is [1, -1, 1, -1, 1, -1, 1, -1, 1, -1, 1, -1, -1, 1, 1, -1, 1, -1, 1, -1, 1, -1, 1, -1, 1, -1, 1, -1, 1, -1, 0, 0, 1, -1, 1, -1, 1, -1, 1, -1, 0, 0]
model_scores is [-1, -1, -1, -1, -1, -1, -1, -1, -1, -1, -1, -1, -1, -1, 1, -1, 1, -1, -1, -1, -1, -1, -1, -1, -1, -1, -1, -1, -1, -1, -1, -1, -1, -1, -1, -1, -1, -1, -1, -1, -1, -1]
45: 准确率为0.5526315789473685, kendall系数为0.22706706980765207, spearman系数为0.23508117299081366
human_scores is [-1, 1, 0, 0, 1, -1, 0, 0, -1, 1, 0, 0, 1, -1, 1, -1, 1, -1, 0, 0, 1, -1, 1, -1, 0, 0, -1, 1, 0, 0, -1, 1, -1, 1, -1, 1, -1, 1, 0, 0, 1, -1]
model_scores is [1, -1, -1, -1, -1, -1, -1, -1, -1, -1, -1, -1, -1, -1, -1, -1, -1, 0, -1, -1, -1, -1, -1, -1, -1, -1, -1, -1, -1, -1, -1, -1, -1, -1, -1, -1, -1, -1, -1, -1, -1, -1]
46: 准确率为0.44642857142857145, kendall系数为0.25660011963983365, spearman系数为0.2737798087883372
human_scores is [1, -1, 1, -1, 1, -1, 1, -1, 1, -1, 1, -1, 0, 0, 0, 0, 1, -1, 0, 0, 1, -1, 0, 0, 1, -1, 0, 0, 1, -1, 1, -1, 0, 0, 1, -1, -1, 1, 0, 0, 1, -1]
model_scores is [-1, -1, -1, -1, -1, 1, -1, -1, -1, -1, -1, -1, -1, -1, -1, 1, -1, -1, -1, -1, -1, -1, -1, -1, -1, -1, 0, 1, -1, -1, 0, -1, 0, -1, 0, -1, 0, -1, 0, -1, 0, 0]
47: 准确率为0.48214285714285715, kendall系数为0.017268511006157127, spearman系数为0.017212563873400286
human_scores is [0, 0, 1, -1, 0, 0, 1, -1, 1, -1, 1, -1, 1, -1, 0, 0, 1, -1, 1, -1, 1, -1, -1, 1, 1, -1, 1, -1, 1, -1, 1, -1, 1, -1, 1, -1, 1, -1, 1, -1, 0, 0]
model_scores is [-1, -1, -1, -1, -1, -1, -1, -1, -1, -1, -1, -1, -1, -1, -1, -1, -1, -1, -1, -1, -1, -1, -1, -1, -1, -1, -1, -1, -1, -1, -1, -1, -1, -1, -1, -1, -1, -1, -1, -1, -1, -1]
48: 准确率为0.5, kendall系数为0, spearman系数为0
human_scores is [1, -1, 1, -1, 0, 0, 1, -1, 1, -1, 1, -1, -1, 1, -1, 1, -1, 1, 1, -1, 1, -1, -1, 1, 0, 0, 1, -1, 1, -1, 1, -1, 1, -1, 1, -1, 1, -1, 1, -1, 0, 0]
model_scores is [1, -1, 1, 1, 1, -1, 1, 1, 1, -1, 1, -1, -1, -1, -1, -1, -1, -1, -1, -1, -1, -1, -1, -1, -1, -1, -1, -1, -1, -1, -1, -1, -1, -1, -1, -1, -1, -1, -1, -1, -1, -1]
49: 准确率为0.5833333333333334, kendall系数为0.18786728732554486, spearman系数为0.19647631199834395
human_scores is [1, -1, 1, -1, 0, 0, 1, -1, 1, -1, 1, -1, 1, -1, -1, 1, 1, -1, 1, -1, 1, -1, -1, 1, 0, 0, 1, -1, 0, 0, 1, -1, 1, -1, 1, -1, 1, -1, 0, 0, -1, 1]
model_scores is [-1, -1, -1, -1, -1, -1, -1, -1, -1, -1, -1, -1, -1, -1, -1, -1, -1, -1, 1, -1, -1, -1, -1, -1, -1, -1, 1, -1, -1, -1, -1, -1, 1, -1, -1, -1, 1, -1, -1, -1, -1, -1]
50: 准确率为0.6176470588235294, kendall系数为0.3424496884192107, spearman系数为0.3605980584422523
human_scores is [1, -1, 1, -1, 1, -1, 1, -1, 1, -1, 1, -1, -1, 1, 0, 0, 0, 0, 0, 0, 0, 0, 1, -1, 1, -1, 1, -1, 1, -1, 0, 0, 0, 0, 0, 0, 0, 0, 0, 0, 0, 0]
model_scores is [-1, -1, -1, -1, -1, -1, -1, -1, -1, -1, -1, -1, -1, -1, -1, -1, -1, -1, -1, -1, -1, -1, -1, -1, -1, -1, -1, -1, -1, -1, -1, -1, -1, -1, -1, -1, -1, -1, -1, -1, -1, -1]
51: 准确率为0.5, kendall系数为0, spearman系数为0
human_scores is [-1, 1, 0, 0, 1, -1, 0, 0, 1, -1, 1, -1, 1, -1, 1, -1, 1, -1, 1, -1, 1, -1, 1, -1, 0, 0, 1, -1, 1, -1, -1, 1, 1, -1, 1, -1, 1, -1, 1, -1, 0, 0]
model_scores is [-1, -1, 1, -1, -1, -1, -1, -1, 1, -1, -1, -1, 1, -1, 1, -1, -1, -1, 1, -1, -1, -1, -1, 1, -1, -1, 1, 0, -1, -1, -1, -1, 1, -1, -1, -1, 0, -1, -1, -1, -1, 0]
52: 准确率为0.6470588235294118, kendall系数为0.2983361669947235, spearman系数为0.31950301075495646
human_scores is [1, -1, 1, -1, -1, 1, 1, -1, 1, -1, 1, -1, 0, 0, -1, 1, 1, -1, 1, -1, 0, 0, -1, 1, 1, -1, 1, -1, 0, 0, 1, -1, 1, -1, 1, -1, 0, 0, -1, 1, -1, 1]
model_scores is [-1, -1, -1, -1, -1, -1, -1, -1, -1, -1, -1, -1, -1, -1, -1, -1, -1, -1, -1, -1, -1, -1, -1, -1, -1, -1, -1, -1, -1, -1, -1, -1, -1, -1, -1, -1, -1, -1, -1, -1, -1, -1]
53: 准确率为0.5, kendall系数为0, spearman系数为0
human_scores is [1, -1, 1, -1, 0, 0, 1, -1, 1, -1, 1, -1, 1, -1, -1, 1, 1, -1, 1, -1, 1, -1, -1, 1, 1, -1, 1, -1, 1, -1, 1, -1, 1, -1, 1, -1, -1, 1, 0, 0, 1, -1]
model_scores is [-1, -1, -1, -1, -1, -1, -1, -1, -1, -1, -1, -1, -1, -1, -1, -1, -1, -1, -1, -1, -1, -1, -1, -1, -1, -1, -1, -1, -1, -1, -1, -1, -1, -1, -1, -1, -1, -1, -1, -1, -1, -1]
54: 准确率为0.5, kendall系数为0, spearman系数为0
human_scores is [0, 0, 1, -1, 1, -1, 1, -1, 1, -1, 1, -1, 1, -1, 1, -1, 1, -1, 1, -1, 1, -1, 0, 0, 0, 0, 1, -1, 1, -1, 0, 0, 1, -1, 1, -1, 1, -1, 1, -1, 0, 0]
model_scores is [-1, -1, -1, -1, -1, -1, -1, -1, -1, -1, -1, -1, -1, -1, -1, -1, -1, -1, -1, -1, -1, -1, -1, -1, -1, -1, -1, -1, -1, -1, -1, -1, -1, -1, -1, -1, -1, -1, -1, -1, -1, -1]
55: 准确率为0.5, kendall系数为0, spearman系数为0
human_scores is [0, 0, 0, 0, 0, 0, 1, -1, 1, -1, 1, -1, 0, 0, 0, 0, 1, -1, 1, -1, 1, -1, 0, 0, 1, -1, 1, -1, 1, -1, 1, -1, 1, -1, 1, -1, 0, 0, 0, 0, 0, 0]
model_scores is [-1, -1, -1, -1, -1, -1, -1, -1, -1, -1, -1, -1, -1, -1, -1, -1, -1, -1, -1, -1, -1, -1, -1, -1, -1, -1, -1, -1, -1, -1, -1, -1, -1, -1, -1, -1, -1, -1, -1, -1, -1, -1]
56: 准确率为0.5, kendall系数为0, spearman系数为0
human_scores is [1, -1, 0, 0, 0, 0, 1, -1, 1, -1, 1, -1, -1, 1, -1, 1, 0, 0, 1, -1, 1, -1, 0, 0, 1, -1, 1, -1, 1, -1, 1, -1, 1, -1, 1, -1, 1, -1, 1, -1, 0, 0]
model_scores is [-1, -1, -1, -1, -1, -1, -1, -1, -1, -1, -1, -1, -1, -1, -1, -1, -1, -1, -1, -1, -1, -1, -1, -1, -1, -1, -1, -1, -1, -1, -1, -1, -1, -1, -1, -1, -1, -1, -1, -1, -1, -1]
57: 准确率为0.5, kendall系数为0, spearman系数为0
human_scores is [0, 0, 1, -1, 1, -1, 1, -1, 1, -1, 1, -1, 1, -1, 1, -1, 1, -1, 1, -1, 1, -1, 0, 0, -1, 1, 1, -1, 1, -1, -1, 1, 1, -1, 1, -1, 1, -1, 1, -1, 0, 0]
model_scores is [-1, -1, -1, -1, -1, -1, -1, -1, -1, -1, -1, -1, -1, -1, -1, -1, -1, -1, -1, -1, -1, -1, -1, -1, -1, -1, -1, -1, -1, -1, -1, -1, -1, -1, -1, -1, -1, -1, -1, -1, -1, -1]
58: 准确率为0.5, kendall系数为0, spearman系数为0
human_scores is [1, -1, 1, -1, 1, -1, -1, 1, 1, -1, 1, -1, 0, 0, 0, 0, -1, 1, 1, -1, 1, -1, 0, 0, -1, 1, 1, -1, 1, -1, -1, 1, 1, -1, 1, -1, 1, -1, 1, -1, 0, 0]
model_scores is [-1, 1, -1, -1, -1, -1, -1, -1, -1, -1, -1, -1, -1, -1, -1, -1, 1, -1, 1, -1, 1, -1, -1, -1, -1, -1, -1, -1, -1, -1, -1, -1, -1, -1, -1, -1, -1, -1, -1, -1, -1, -1]
59: 准确率为0.5, kendall系数为0.0, spearman系数为0.0
human_scores is [-1, 1, 1, -1, -1, 1, 1, -1, 1, -1, 1, -1, 1, -1, 0, 0, 1, -1, 1, -1, 1, -1, -1, 1, -1, 1, -1, 1, -1, 1, 1, -1, 1, -1, 1, -1, 0, 0, 0, 0, 0, 0]
model_scores is [-1, -1, -1, -1, -1, -1, -1, -1, -1, -1, -1, -1, -1, -1, -1, -1, -1, -1, -1, -1, -1, -1, -1, -1, -1, -1, -1, -1, -1, -1, -1, -1, -1, -1, -1, -1, -1, -1, -1, -1, -1, -1]
60: 准确率为0.5, kendall系数为0, spearman系数为0
human_scores is [1, -1, 0, 0, 0, 0, 1, -1, 1, -1, 1, -1, -1, 1, -1, 1, -1, 1, 0, 0, 0, 0, 0, 0, 1, -1, 1, -1, 1, -1, 1, -1, 1, -1, 1, -1, 1, -1, 1, -1, 0, 0]
model_scores is [-1, -1, -1, -1, -1, -1, -1, -1, -1, -1, -1, -1, -1, -1, -1, -1, -1, -1, -1, -1, -1, -1, -1, -1, -1, -1, -1, -1, -1, -1, -1, -1, -1, -1, -1, -1, -1, -1, -1, -1, -1, -1]
61: 准确率为0.5, kendall系数为0, spearman系数为0
human_scores is [0, 0, -1, 1, -1, 1, 0, 0, 1, -1, 1, -1, -1, 1, -1, 1, 0, 0, 1, -1, 1, -1, 0, 0, 1, -1, 1, -1, 1, -1, 1, -1, 1, -1, 1, -1, 1, -1, 1, -1, 0, 0]
model_scores is [0, -1, 0, 1, 0, -1, 0, -1, 0, -1, 0, -1, -1, 1, -1, -1, -1, 1, -1, -1, -1, -1, 1, -1, -1, -1, 1, -1, -1, -1, -1, 1, -1, -1, -1, -1, 1, -1, -1, -1, -1, -1]
62: 准确率为0.59375, kendall系数为0.18319948827976182, spearman系数为0.19889806323953876
human_scores is [0, 0, 1, -1, 1, -1, 1, -1, 1, -1, 1, -1, 1, -1, 1, -1, 1, -1, 1, -1, 1, -1, 1, -1, 1, -1, 1, -1, 1, -1, 1, -1, 1, -1, 1, -1, 1, -1, 1, -1, 0, 0]
model_scores is [-1, -1, -1, -1, -1, -1, -1, -1, -1, -1, -1, -1, -1, -1, -1, -1, -1, -1, -1, -1, -1, -1, -1, -1, -1, -1, -1, -1, -1, -1, -1, -1, -1, -1, -1, -1, -1, -1, -1, -1, -1, -1]
63: 准确率为0.5, kendall系数为0, spearman系数为0
human_scores is [1, -1, 1, -1, 1, -1, 1, -1, 1, -1, 1, -1, 1, -1, 1, -1, 1, -1, 1, -1, 1, -1, 0, 0, 0, 0, 1, -1, 1, -1, 0, 0, 1, -1, 1, -1, 1, -1, 1, -1, 0, 0]
model_scores is [-1, -1, -1, -1, -1, -1, -1, -1, -1, -1, -1, -1, -1, -1, -1, -1, -1, -1, -1, -1, -1, -1, -1, -1, -1, -1, -1, 1, -1, -1, -1, -1, -1, -1, -1, -1, -1, -1, -1, -1, -1, -1]
64: 准确率为0.47058823529411764, kendall系数为0.16484153487626937, spearman系数为0.1735774317722784
human_scores is [1, -1, 1, -1, 1, -1, 1, -1, 1, -1, 1, -1, 1, -1, 0, 0, 1, -1, 1, -1, 1, -1, -1, 1, 1, -1, 1, -1, 1, -1, 1, -1, 1, -1, 1, -1, 0, 0, 0, 0, 0, 0]
model_scores is [-1, -1, -1, -1, -1, -1, -1, -1, -1, -1, -1, -1, -1, -1, -1, -1, -1, -1, -1, -1, -1, -1, -1, -1, -1, -1, -1, -1, -1, -1, -1, -1, -1, -1, -1, -1, -1, -1, -1, -1, -1, -1]
65: 准确率为0.5, kendall系数为0, spearman系数为0
human_scores is [0, 0, 0, 0, 0, 0, 0, 0, 1, -1, 1, -1, 0, 0, 0, 0, 0, 0, 1, -1, 1, -1, 0, 0, 0, 0, 1, -1, 1, -1, 0, 0, 1, -1, 1, -1, 1, -1, 1, -1, 1, -1]
model_scores is [-1, -1, -1, -1, -1, 1, -1, -1, -1, -1, -1, -1, -1, -1, -1, -1, -1, -1, 1, -1, -1, -1, -1, -1, -1, -1, -1, -1, -1, -1, -1, -1, -1, -1, 1, -1, 1, -1, 1, -1, -1, -1]
66: 准确率为0.6818181818181818, kendall系数为0.3849057423647661, spearman系数为0.40633799368329454
human_scores is [0, 0, 1, -1, 0, 0, 1, -1, 1, -1, 1, -1, 1, -1, 0, 0, 1, -1, 1, -1, 1, -1, -1, 1, 0, 0, 1, -1, 1, -1, 1, -1, 1, -1, 1, -1, 1, -1, 1, -1, 0, 0]
model_scores is [-1, -1, -1, -1, -1, -1, -1, -1, -1, -1, -1, -1, -1, -1, -1, -1, -1, -1, -1, -1, -1, -1, -1, -1, -1, -1, -1, -1, -1, -1, -1, -1, -1, -1, -1, -1, -1, -1, -1, -1, -1, -1]
67: 准确率为0.5, kendall系数为0, spearman系数为0
human_scores is [0, 0, 1, -1, 1, -1, 1, -1, 1, -1, 1, -1, 1, -1, 1, -1, 1, -1, 1, -1, 1, -1, 1, -1, 0, 0, 1, -1, 1, -1, -1, 1, 0, 0, 1, -1, 1, -1, 1, -1, 1, -1]
model_scores is [-1, -1, -1, -1, -1, -1, -1, -1, -1, -1, -1, -1, -1, -1, -1, -1, -1, -1, -1, 0, -1, 0, 0, -1, -1, -1, -1, -1, 0, 0, -1, -1, -1, -1, -1, -1, 1, -1, 0, 0, 1, 0]
68: 准确率为0.5277777777777778, kendall系数为0.02347650707579213, spearman系数为0.028583097523751464
human_scores is [1, -1, 1, -1, 0, 0, 1, -1, 1, -1, 1, -1, 0, 0, -1, 1, 0, 0, 1, -1, 1, -1, -1, 1, 0, 0, 1, -1, 1, -1, 1, -1, 1, -1, 1, -1, 1, -1, 1, -1, 0, 0]
model_scores is [-1, -1, -1, -1, -1, -1, -1, -1, -1, -1, -1, -1, -1, -1, -1, -1, -1, -1, -1, -1, -1, -1, -1, -1, -1, -1, -1, -1, -1, -1, -1, -1, -1, -1, -1, -1, -1, -1, -1, -1, -1, -1]
69: 准确率为0.5, kendall系数为0, spearman系数为0
human_scores is [0, 0, 1, -1, 0, 0, 1, -1, 1, -1, 1, -1, 1, -1, 0, 0, 1, -1, 1, -1, 1, -1, -1, 1, 1, -1, 1, -1, 1, -1, 1, -1, 1, -1, 1, -1, 0, 0, 0, 0, 0, 0]
model_scores is [-1, -1, -1, -1, -1, -1, -1, -1, -1, -1, -1, -1, 1, -1, 1, -1, -1, -1, -1, -1, -1, -1, -1, -1, -1, -1, -1, -1, -1, -1, 1, -1, -1, 1, -1, -1, -1, -1, -1, -1, -1, -1]
70: 准确率为0.5333333333333333, kendall系数为0.09054490911587255, spearman系数为0.09597148699373934
human_scores is [1, -1, 1, -1, 1, -1, 1, -1, 1, -1, 1, -1, 1, -1, 0, 0, 1, -1, 1, -1, 1, -1, -1, 1, 0, 0, 1, -1, 1, -1, 1, -1, 1, -1, 1, -1, 1, -1, 1, -1, 0, 0]
model_scores is [-1, -1, -1, -1, -1, -1, -1, -1, -1, -1, -1, -1, -1, -1, -1, -1, -1, -1, -1, -1, -1, -1, -1, -1, -1, -1, -1, -1, -1, -1, 1, -1, 1, -1, -1, -1, -1, -1, -1, -1, -1, 1]
71: 准确率为0.5555555555555556, kendall系数为0.19096396641051544, spearman系数为0.1997148965050927
human_scores is [0, 0, 1, -1, 0, 0, 1, -1, 1, -1, 1, -1, 1, -1, 0, 0, 1, -1, 1, -1, 1, -1, -1, 1, 0, 0, 0, 0, 0, 0, 1, -1, 1, -1, 1, -1, 0, 0, 0, 0, 0, 0]
model_scores is [-1, -1, -1, -1, -1, -1, -1, -1, -1, -1, -1, -1, -1, -1, -1, -1, -1, -1, -1, -1, -1, -1, -1, -1, -1, -1, -1, -1, -1, -1, -1, -1, -1, -1, -1, -1, -1, -1, -1, -1, -1, -1]
72: 准确率为0.5, kendall系数为0, spearman系数为0
human_scores is [1, -1, 1, -1, 1, -1, 1, -1, 1, -1, 1, -1, 0, 0, 0, 0, 0, 0, 1, -1, 1, -1, 0, 0, 0, 0, 1, -1, 1, -1, 0, 0, 1, -1, 1, -1, 1, -1, 1, -1, 0, 0]
model_scores is [-1, -1, -1, -1, -1, -1, -1, -1, -1, -1, -1, -1, -1, -1, -1, -1, -1, -1, -1, -1, -1, -1, -1, -1, -1, -1, -1, -1, -1, -1, -1, -1, -1, -1, -1, -1, -1, -1, -1, -1, -1, -1]
73: 准确率为0.5, kendall系数为0, spearman系数为0
human_scores is [-1, 1, -1, 1, -1, 1, 1, -1, 1, -1, 1, -1, 0, 0, 0, 0, 1, -1, 1, -1, 1, -1, 0, 0, 1, -1, 1, -1, 1, -1, 1, -1, 1, -1, 1, -1, 0, 0, 0, 0, 0, 0]
model_scores is [-1, -1, -1, -1, -1, -1, -1, -1, -1, -1, -1, -1, -1, -1, -1, -1, -1, -1, -1, -1, -1, -1, -1, -1, -1, -1, -1, -1, -1, -1, -1, -1, -1, -1, -1, -1, -1, -1, -1, -1, -1, -1]
74: 准确率为0.5, kendall系数为0, spearman系数为0
human_scores is [-1, 1, -1, 1, -1, 1, 1, -1, 0, 0, 1, -1, 1, -1, 1, -1, 1, -1, 1, -1, 1, -1, 0, 0, 1, -1, 1, -1, 1, -1, 1, -1, 1, -1, 1, -1, -1, 1, 0, 0, 1, -1]
model_scores is [-1, -1, -1, -1, -1, -1, -1, -1, -1, -1, -1, -1, -1, -1, -1, -1, -1, -1, -1, -1, -1, -1, -1, -1, -1, -1, -1, -1, -1, -1, -1, -1, -1, -1, -1, -1, 1, -1, -1, -1, -1, -1]
75: 准确率为0.4722222222222222, kendall系数为0.1612955677091024, spearman系数为0.16868694244915794
human_scores is [0, 0, 1, -1, 0, 0, 1, -1, 1, -1, 1, -1, 1, -1, 0, 0, 1, -1, 1, -1, 1, -1, -1, 1, 0, 0, 0, 0, 1, -1, 1, -1, 1, -1, 1, -1, 0, 0, 1, -1, 1, -1]
model_scores is [-1, -1, -1, -1, -1, -1, -1, -1, -1, -1, -1, -1, -1, -1, -1, -1, -1, -1, -1, -1, -1, -1, -1, -1, -1, -1, -1, -1, -1, -1, -1, -1, -1, -1, -1, -1, -1, -1, -1, -1, -1, -1]
76: 准确率为0.5, kendall系数为0, spearman系数为0
human_scores is [0, 0, 1, -1, -1, 1, 1, -1, 1, -1, 1, -1, 1, -1, -1, 1, 1, -1, 1, -1, 1, -1, -1, 1, 0, 0, 1, -1, 1, -1, 1, -1, 1, -1, 1, -1, 1, -1, 1, -1, 0, 0]
model_scores is [-1, -1, -1, -1, -1, -1, -1, -1, -1, -1, -1, -1, -1, -1, -1, -1, -1, -1, -1, -1, -1, -1, -1, -1, -1, -1, -1, -1, -1, -1, -1, -1, -1, -1, -1, -1, -1, -1, -1, -1, -1, -1]
77: 准确率为0.5, kendall系数为0, spearman系数为0
human_scores is [1, -1, 1, -1, 0, 0, 1, -1, 1, -1, 1, -1, 0, 0, -1, 1, 0, 0, -1, 1, 0, 0, -1, 1, 0, 0, -1, 1, 0, 0, 1, -1, 1, -1, 1, -1, -1, 1, 0, 0, 1, -1]
model_scores is [-1, -1, -1, -1, -1, -1, -1, -1, -1, -1, -1, -1, -1, -1, -1, -1, -1, -1, -1, -1, -1, -1, -1, -1, -1, -1, -1, -1, -1, -1, -1, -1, 0, -1, -1, -1, -1, -1, -1, -1, -1, -1]
78: 准确率为0.5178571428571429, kendall系数为0.18033392693348646, spearman系数为0.1912730139190015
human_scores is [1, -1, 1, -1, 1, -1, 1, -1, 1, -1, 1, -1, 0, 0, 0, 0, 1, -1, 1, -1, 1, -1, 0, 0, 1, -1, 1, -1, 1, -1, 1, -1, 1, -1, 1, -1, 0, 0, 0, 0, 0, 0]
model_scores is [-1, -1, -1, -1, -1, -1, -1, -1, -1, -1, -1, -1, 1, -1, -1, 1, -1, 1, -1, -1, -1, -1, -1, 1, -1, 1, -1, -1, -1, -1, -1, 1, -1, -1, -1, -1, -1, -1, -1, -1, -1, -1]
79: 准确率为0.4, kendall系数为0.227866357593825, spearman系数为0.241522945769824
human_scores is [0, 0, 0, 0, 0, 0, 1, -1, 1, -1, 1, -1, 0, 0, 0, 0, 1, -1, 1, -1, 1, -1, 0, 0, 1, -1, 1, -1, 1, -1, 1, -1, 1, -1, 1, -1, -1, 1, -1, 1, -1, 1]
model_scores is [0, -1, 1, -1, 1, -1, 0, 0, -1, -1, 1, -1, -1, -1, -1, -1, 0, 0, -1, 0, 1, 0, 0, 1, 0, 0, -1, 1, -1, 1, 0, -1, -1, 1, 1, 1, -1, -1, 0, 0, -1, -1]
80: 准确率为0.45, kendall系数为0.09549776926524907, spearman系数为0.10872282269106631
human_scores is [0, 0, 1, -1, 0, 0, 1, -1, 1, -1, 1, -1, 1, -1, 0, 0, 1, -1, 1, -1, 1, -1, -1, 1, -1, 1, 0, 0, 0, 0, 1, -1, 1, -1, 1, -1, 1, -1, 1, -1, 0, 0]
model_scores is [-1, -1, -1, -1, 1, -1, -1, -1, -1, -1, -1, -1, -1, -1, -1, -1, -1, -1, -1, -1, -1, -1, -1, -1, -1, -1, -1, -1, -1, -1, -1, -1, -1, -1, -1, -1, -1, -1, -1, -1, -1, -1]
81: 准确率为0.5, kendall系数为0.0, spearman系数为0.0
human_scores is [-1, 1, 1, -1, 1, -1, 1, -1, 1, -1, 1, -1, 1, -1, 1, -1, 1, -1, 1, -1, 1, -1, 0, 0, 0, 0, 1, -1, 1, -1, 0, 0, 1, -1, 1, -1, 1, -1, 1, -1, 0, 0]
model_scores is [-1, -1, -1, -1, -1, -1, -1, -1, -1, -1, -1, -1, -1, -1, -1, -1, -1, -1, -1, -1, -1, -1, -1, -1, -1, -1, -1, -1, -1, -1, -1, -1, -1, -1, -1, -1, -1, -1, -1, -1, -1, -1]
82: 准确率为0.5, kendall系数为0, spearman系数为0
human_scores is [0, 0, 1, -1, 1, -1, 1, -1, 1, -1, 1, -1, 1, -1, 1, -1, 1, -1, 1, -1, 1, -1, 0, 0, 1, -1, 1, -1, 1, -1, 1, -1, 1, -1, 1, -1, 0, 0, 0, 0, 0, 0]
model_scores is [-1, -1, -1, -1, -1, -1, -1, -1, -1, -1, -1, -1, -1, -1, -1, -1, -1, -1, -1, -1, -1, -1, -1, -1, -1, -1, -1, -1, -1, -1, -1, -1, -1, -1, -1, -1, -1, -1, -1, -1, -1, -1]
83: 准确率为0.5, kendall系数为0, spearman系数为0
human_scores is [0, 0, -1, 1, 0, 0, 0, 0, 1, -1, 1, -1, -1, 1, 0, 0, 0, 0, 1, -1, 1, -1, 1, -1, 1, -1, 1, -1, 1, -1, 0, 0, 1, -1, 1, -1, 1, -1, 1, -1, 0, 0]
model_scores is [-1, -1, -1, -1, -1, -1, -1, -1, -1, -1, -1, -1, -1, -1, -1, -1, -1, -1, -1, -1, -1, -1, -1, -1, -1, -1, -1, -1, -1, -1, -1, 1, -1, -1, -1, 1, -1, -1, -1, -1, -1, -1]
84: 准确率为0.4642857142857143, kendall系数为0.12909944487358055, spearman系数为0.13693063937629155
human_scores is [1, -1, 0, 0, 1, -1, 1, -1, 1, -1, 1, -1, -1, 1, 0, 0, 1, -1, 1, -1, 1, -1, 1, -1, 1, -1, 1, -1, 1, -1, 1, -1, 1, -1, 1, -1, 1, -1, 1, -1, 0, 0]
model_scores is [-1, -1, -1, -1, -1, -1, -1, -1, -1, -1, -1, -1, -1, -1, -1, -1, -1, -1, -1, -1, -1, -1, -1, -1, -1, -1, -1, -1, -1, -1, -1, -1, -1, -1, -1, -1, -1, -1, -1, -1, -1, -1]
85: 准确率为0.5, kendall系数为0, spearman系数为0
human_scores is [-1, 1, 0, 0, 0, 0, 1, -1, 1, -1, 1, -1, 1, -1, 1, -1, 1, -1, 1, -1, 1, -1, 0, 0, 1, -1, 1, -1, 1, -1, 1, -1, 1, -1, 1, -1, 0, 0, 0, 0, 0, 0]
model_scores is [1, 0, -1, -1, 0, 1, 0, 1, 1, 0, -1, 1, -1, 0, 0, 0, 0, 0, -1, 1, -1, 1, -1, -1, -1, -1, -1, -1, -1, -1, -1, -1, 0, 1, 1, -1, 1, -1, 1, -1, -1, -1]
86: 准确率为0.38333333333333336, kendall系数为0.1937487693714711, spearman系数为0.22389642314010041
human_scores is [1, -1, 1, -1, 1, -1, 1, -1, 1, -1, 1, -1, 0, 0, 0, 0, 0, 0, 0, 0, 1, -1, 0, 0, 0, 0, 0, 0, 1, -1, 0, 0, 0, 0, 1, -1, 0, 0, 1, -1, 1, -1]
model_scores is [-1, -1, -1, -1, -1, -1, -1, -1, -1, -1, -1, -1, -1, -1, -1, -1, -1, -1, -1, -1, 1, -1, -1, -1, -1, -1, -1, -1, -1, -1, -1, -1, -1, -1, -1, -1, -1, -1, -1, -1, -1, -1]
87: 准确率为0.5454545454545454, kendall系数为0.20440350324657405, spearman系数为0.21578506181998866
human_scores is [-1, 1, -1, 1, -1, 1, -1, 1, 1, -1, -1, 1, 0, 0, 0, 0, 0, 0, 1, -1, 0, 0, 0, 0, 0, 0, 1, -1, 0, 0, 0, 0, 1, -1, 0, 0, 1, -1, 0, 0, -1, 1]
model_scores is [-1, -1, -1, -1, -1, -1, -1, -1, -1, -1, -1, -1, -1, -1, -1, -1, -1, 1, 1, 0, -1, -1, -1, -1, -1, -1, -1, -1, -1, -1, -1, -1, -1, -1, -1, -1, -1, -1, -1, -1, -1, -1]
88: 准确率为0.5227272727272727, kendall系数为0.007740608175997283, spearman系数为0.00911858315520097
human_scores is [0, 0, 1, -1, 1, -1, 1, -1, 1, -1, 1, -1, 1, -1, 1, -1, 1, -1, 1, -1, 1, -1, -1, 1, 0, 0, 0, 0, 0, 0, 1, -1, 1, -1, 1, -1, 0, 0, 0, 0, 0, 0]
model_scores is [-1, -1, -1, -1, -1, -1, -1, -1, -1, -1, -1, -1, -1, -1, -1, -1, -1, -1, -1, -1, -1, -1, -1, -1, -1, -1, -1, -1, -1, -1, -1, -1, -1, -1, -1, -1, -1, -1, -1, -1, -1, -1]
89: 准确率为0.5, kendall系数为0, spearman系数为0
human_scores is [1, -1, 1, -1, 1, -1, 1, -1, 1, -1, 1, -1, 0, 0, 0, 0, 0, 0, 1, -1, 1, -1, 0, 0, 0, 0, 1, -1, 1, -1, 0, 0, 1, -1, 1, -1, 1, -1, 1, -1, 0, 0]
model_scores is [1, 1, 1, 1, 0, -1, -1, -1, 0, -1, 1, -1, 1, -1, 1, 1, -1, 1, -1, -1, 1, -1, -1, 1, -1, 1, -1, -1, -1, -1, -1, 1, -1, -1, -1, -1, -1, -1, 1, -1, -1, -1]
90: 准确率为0.6428571428571429, kendall系数为0.23876995775301896, spearman系数为0.26540544647841763
human_scores is [1, -1, 0, 0, 0, 0, 0, 0, 0, 0, 1, -1, -1, 1, -1, 1, -1, 1, -1, 1, 1, -1, 0, 0, 0, 0, 0, 0, 1, -1, 0, 0, 0, 0, 1, -1, 0, 0, 1, -1, 1, -1]
model_scores is [-1, -1, -1, -1, -1, -1, -1, -1, 1, -1, -1, -1, -1, -1, -1, -1, -1, -1, -1, -1, -1, -1, -1, -1, -1, -1, -1, -1, -1, -1, -1, -1, 1, -1, -1, -1, -1, -1, -1, -1, -1, -1]
91: 准确率为0.5, kendall系数为0.0, spearman系数为0.0
human_scores is [1, -1, 1, -1, 1, -1, 1, -1, 1, -1, 1, -1, 1, -1, 0, 0, 1, -1, 1, -1, 1, -1, -1, 1, 1, -1, 0, 0, 0, 0, 1, -1, 1, -1, 1, -1, -1, 1, -1, 1, 0, 0]
model_scores is [1, -1, 1, -1, -1, -1, 1, -1, 1, -1, 1, -1, -1, -1, 1, 1, -1, -1, -1, -1, 1, 1, -1, 1, -1, -1, -1, -1, -1, -1, 1, -1, 0, -1, 1, -1, -1, -1, 0, 0, 0, -1]
92: 准确率为0.75, kendall系数为0.46648376771131067, spearman系数为0.5053952973710253
human_scores is [0, 0, 0, 0, 0, 0, 0, 0, 1, -1, 1, -1, 0, 0, 0, 0, 0, 0, 1, -1, 1, -1, 0, 0, 0, 0, 1, -1, 1, -1, 0, 0, 1, -1, 1, -1, 1, -1, 1, -1, 0, 0]
model_scores is [-1, -1, -1, -1, -1, 1, -1, -1, -1, -1, -1, -1, -1, -1, -1, 1, -1, 1, -1, -1, -1, -1, -1, 1, -1, 1, -1, -1, -1, -1, 1, -1, -1, -1, 1, 1, -1, -1, -1, -1, -1, -1]
93: 准确率为0.5, kendall系数为0.0, spearman系数为0.0
human_scores is [0, 0, 1, -1, 1, -1, 0, 0, 1, -1, 1, -1, 1, -1, 1, -1, 0, 0, 1, -1, 1, -1, 0, 0, -1, 1, 1, -1, 1, -1, -1, 1, 1, -1, 1, -1, 1, -1, 1, -1, 0, 0]
model_scores is [-1, -1, -1, -1, -1, -1, -1, -1, -1, -1, -1, -1, -1, -1, -1, -1, -1, -1, -1, -1, 1, 0, -1, -1, -1, -1, -1, -1, -1, -1, -1, -1, -1, -1, -1, -1, -1, -1, -1, -1, -1, -1]
94: 准确率为0.515625, kendall系数为0.004629629629629629, spearman系数为0.006097560975609755
human_scores is [1, -1, 1, -1, 1, -1, 1, -1, 1, -1, 1, -1, -1, 1, 0, 0, 0, 0, 1, -1, 1, -1, 1, -1, 1, -1, 1, -1, 1, -1, 0, 0, 1, -1, 1, -1, 1, -1, 1, -1, 0, 0]
model_scores is [-1, -1, -1, -1, -1, -1, -1, 1, -1, -1, -1, -1, -1, -1, -1, -1, -1, -1, 1, -1, -1, -1, -1, -1, -1, -1, 1, -1, -1, -1, -1, -1, -1, -1, -1, -1, 1, -1, -1, -1, -1, -1]
95: 准确率为0.5588235294117647, kendall系数为0.17122484420960535, spearman系数为0.18029902922112614
human_scores is [-1, 1, -1, 1, -1, 1, -1, 1, 1, -1, 0, 0, 1, -1, 1, -1, 1, -1, 1, -1, 1, -1, 0, 0, 0, 0, 1, -1, 1, -1, 0, 0, 1, -1, 1, -1, 1, -1, 1, -1, -1, 1]
model_scores is [-1, -1, -1, -1, -1, -1, -1, -1, -1, -1, -1, -1, -1, -1, -1, -1, -1, -1, -1, -1, -1, -1, -1, -1, -1, -1, -1, -1, -1, -1, -1, -1, -1, -1, -1, -1, -1, -1, -1, -1, -1, -1]
96: 准确率为0.5, kendall系数为0, spearman系数为0
human_scores is [-1, 1, 1, -1, 1, -1, 1, -1, 1, -1, 1, -1, 1, -1, 1, -1, 1, -1, 1, -1, 1, -1, 0, 0, 0, 0, 0, 0, 1, -1, 0, 0, 0, 0, 1, -1, 0, 0, 1, -1, 1, -1]
model_scores is [0, 0, -1, -1, -1, -1, -1, -1, -1, -1, -1, -1, -1, -1, -1, -1, -1, -1, -1, -1, -1, -1, -1, -1, -1, -1, -1, -1, -1, -1, -1, -1, -1, -1, -1, -1, -1, -1, -1, -1, -1, -1]
97: 准确率为0.5, kendall系数为0.0, spearman系数为0.0
human_scores is [1, -1, 1, -1, 1, -1, 1, -1, 1, -1, 1, -1, 1, -1, 1, -1, 0, 0, 1, -1, 1, -1, 0, 0, -1, 1, 1, -1, 0, 0, -1, 1, 1, -1, 0, 0, 1, -1, 1, -1, -1, 1]
model_scores is [-1, -1, -1, -1, -1, -1, -1, -1, -1, -1, -1, -1, -1, -1, -1, -1, -1, -1, -1, -1, -1, -1, -1, -1, -1, -1, -1, -1, -1, -1, -1, -1, -1, -1, -1, -1, -1, -1, -1, -1, -1, -1]
98: 准确率为0.5, kendall系数为0, spearman系数为0
human_scores is [0, 0, 1, -1, 1, -1, 1, -1, 1, -1, 1, -1, 1, -1, 1, -1, 1, -1, 1, -1, 1, -1, 0, 0, 0, 0, 1, -1, 1, -1, 0, 0, 1, -1, 1, -1, 1, -1, 1, -1, 0, 0]
model_scores is [-1, -1, -1, -1, -1, -1, -1, -1, -1, -1, -1, -1, -1, -1, -1, -1, -1, -1, -1, -1, -1, -1, -1, -1, -1, -1, -1, -1, -1, -1, -1, -1, -1, -1, -1, -1, -1, -1, -1, -1, -1, -1]
99: 准确率为0.5, kendall系数为0, spearman系数为0
平均准确率为0.5212884778512682, 平均kendall系数为0.09161824190659681, 平均spearman系数为0.09767389039532817
