human_scores is [0, 0, 1, -1, 0, 0, 0, 0, 1, -1, 1, -1, 1, -1, 0, 0, 0, 0, 1, -1, 1, -1, -1, 1, -1, 1, 1, -1, 1, -1, 0, 0, 1, -1, 1, -1, 1, -1, 1, -1, 0, 0]
model_scores is [2, -4, 4, -4, -2, -4, 2, -4, 2, -4, 2, -4, 2, -2, -2, 2, -2, 0, 2, -2, 0, -4, -2, 4, -2, 2, 0, -2, 2, -2, 0, -2, 4, -4, 2, -4, 4, -4, 4, -4, 1, 0]
0: 准确率为0.9642857142857143, kendall系数为0.7206222089087155, spearman系数为0.8099047441467063
human_scores is [1, -1, 1, -1, 0, 0, 1, -1, 1, -1, 0, 0, 0, 0, -1, 1, 1, -1, 1, -1, -1, 1, -1, 1, 1, -1, 1, -1, -1, 1, 1, -1, 1, -1, 0, 0, 0, 0, -1, 1, -1, 1]
model_scores is [-4, -2, 0, -4, 0, -4, 2, -4, 2, -4, 0, -4, 2, -4, 2, -2, 0, -4, 2, -4, 2, -4, -2, -2, 0, -4, 2, -4, 0, -2, 2, -4, 2, -4, -2, -2, -2, -2, -4, -2, -4, 0]
1: 准确率为0.671875, kendall系数为0.44009819824688723, spearman系数为0.48991738910236304
human_scores is [-1, 1, 0, 0, -1, 1, 1, -1, 1, -1, 0, 0, 1, -1, 0, 0, 1, -1, 1, -1, 1, -1, -1, 1, 1, -1, 1, -1, 0, 0, 1, -1, 1, -1, 1, -1, 0, 0, -1, 1, -1, 1]
model_scores is [-4, -2, -2, -2, -2, -2, 0, -4, 2, -4, 2, -4, -2, -2, -2, -2, 2, -4, 2, -4, 2, -4, -4, 0, 2, -4, 2, -4, 2, -4, 0, -4, 2, -4, 2, -4, 0, -2, -2, -2, -2, 0]
2: 准确率为0.8125, kendall系数为0.6933752452815364, spearman系数为0.774827230654926
human_scores is [0, 0, -1, 1, 0, 0, -1, 1, 1, -1, 1, -1, -1, 1, 0, 0, -1, 1, 1, -1, 1, -1, 1, -1, 0, 0, 1, -1, 1, -1, -1, 1, 1, -1, 1, -1, 1, -1, 1, -1, 0, 0]
model_scores is [2, -4, 2, -4, 2, -4, 4, -4, 4, -4, 4, -4, -4, -2, 2, -4, -4, 0, 2, -4, 2, -4, 0, -4, -2, -4, 2, -4, 0, -4, -4, 2, 2, -4, 2, -4, 2, -4, 4, -4, -2, -2]
3: 准确率为0.796875, kendall系数为0.5557753424552029, spearman系数为0.6107600413303228
human_scores is [1, -1, 1, -1, 1, -1, 1, -1, 1, -1, 1, -1, 0, 0, 0, 0, 1, -1, 0, 0, 1, -1, 0, 0, 1, -1, 0, 0, 1, -1, 1, -1, 0, 0, 1, -1, -1, 1, 0, 0, 1, -1]
model_scores is [2, -4, 2, -4, 2, -4, 4, -4, 2, -4, 2, -4, 2, 0, 0, -2, 3, -4, 2, -4, 2, -4, -4, 0, 4, -2, 2, -4, 2, -2, 3, -4, 2, -4, 2, -4, -1, 2, -4, 0, 0, -2]
4: 准确率为0.9821428571428571, kendall系数为0.7143308066574827, spearman系数为0.8027817640946442
human_scores is [1, -1, 1, -1, 1, -1, 1, -1, 1, -1, 1, -1, 0, 0, 0, 0, 1, -1, 1, -1, 1, -1, 0, 0, 1, -1, 1, -1, 1, -1, 1, -1, 1, -1, 1, -1, 0, 0, 0, 0, 0, 0]
model_scores is [2, -2, 2, -4, 2, -4, 2, -4, 2, -4, 2, -4, 2, -4, 0, -2, 4, -4, 2, -2, 2, -2, -2, 2, -2, -4, 0, -4, 0, -2, 0, -4, 2, -2, 2, -2, 2, -2, 0, -2, -4, -2]
5: 准确率为0.9166666666666666, kendall系数为0.709205964807906, spearman系数为0.7926254943039571
human_scores is [0, 0, -1, 1, -1, 1, 1, -1, 1, -1, 1, -1, -1, 1, -1, 1, 1, -1, 1, -1, 1, -1, 0, 0, 1, -1, 1, -1, 1, -1, 1, -1, 1, -1, 1, -1, 0, 0, 0, 0, 0, 0]
model_scores is [-2, 2, -4, 2, -4, 0, -4, 0, -2, -2, 2, -2, -2, -2, -2, -2, -4, -2, 2, -2, 0, -4, 2, -2, -2, 2, 2, -4, 2, -4, -4, 0, 2, -4, 2, -4, 2, -4, 4, -4, 2, -2]
6: 准确率为0.6875, kendall系数为0.29531221160930915, spearman系数为0.34895474837105517
human_scores is [1, -1, 1, -1, 1, -1, 1, -1, 1, -1, 1, -1, 1, -1, 0, 0, 0, 0, 1, -1, 0, 0, -1, 1, -1, 1, 0, 0, -1, 1, 0, 0, 1, -1, 0, 0, 1, -1, 0, 0, -1, 1]
model_scores is [2, -4, 2, -4, 2, -4, 2, -4, 2, -4, 0, -4, -2, 0, -4, 2, -4, 2, 0, -2, -2, 0, -4, 0, -4, 2, 2, -2, -2, -2, -2, 0, 2, -4, -2, -2, 2, -4, 0, -2, -4, -2]
7: 准确率为0.8214285714285714, kendall系数为0.6573277217142028, spearman系数为0.7333198722347375
human_scores is [0, 0, 0, 0, 0, 0, 1, -1, 1, -1, 1, -1, 0, 0, 0, 0, 1, -1, 1, -1, 1, -1, 0, 0, 1, -1, 1, -1, 1, -1, 1, -1, 1, -1, 1, -1, 1, -1, 1, -1, 0, 0]
model_scores is [2, -4, 2, -4, 2, -4, 2, -4, 2, -4, 2, -4, 2, -4, -2, -1, 2, -3, 2, -4, 0, -4, -4, 0, 0, -2, 2, -4, -2, -4, 0, 0, 0, -4, -2, -4, 0, -2, -4, 2, -4, 0]
8: 准确率为0.75, kendall系数为0.44712908003185, spearman系数为0.5271160056461093
human_scores is [0, 0, 1, -1, 0, 0, 1, -1, 1, -1, 1, -1, 1, -1, 0, 0, 1, -1, 1, -1, 1, -1, -1, 1, 1, -1, 1, -1, 1, -1, 1, -1, 1, -1, 1, -1, 0, 0, 0, 0, 0, 0]
model_scores is [-4, 2, -2, 0, -4, 0, 0, -2, 2, -4, 2, -2, -2, -4, -2, -2, 2, -4, 2, -4, 2, -4, -4, 0, 0, -4, 2, -4, 2, -2, 2, -4, 2, -4, 2, -4, 2, -2, 2, -2, 0, -2]
9: 准确率为0.8666666666666667, kendall系数为0.6886246696127611, spearman系数为0.7673582938443753
human_scores is [1, -1, 1, -1, 1, -1, 1, -1, 1, -1, 1, -1, 1, -1, 0, 0, 1, -1, 1, -1, 1, -1, -1, 1, 1, -1, 0, 0, 1, -1, 1, -1, 1, -1, 1, -1, -1, 1, 0, 0, 1, -1]
model_scores is [-4, 0, 2, -4, 0, -4, 2, -4, 2, -4, 2, -4, 2, -4, 2, -4, 2, -4, 2, -4, 2, -4, -4, 2, -2, 0, -2, 0, -2, -2, 0, -4, 0, -4, 2, -4, 0, 0, 0, -2, 2, -2]
10: 准确率为0.8194444444444444, kendall系数为0.6639223641222202, spearman系数为0.7337375629525027
human_scores is [1, -1, 1, -1, 1, -1, 1, -1, 1, -1, 1, -1, -1, 1, -1, 1, -1, 1, 0, 0, -1, 1, 0, 0, -1, 1, 1, -1, 0, 0, -1, 1, 1, -1, 0, 0, 1, -1, 1, -1, -1, 1]
model_scores is [-2, -2, 4, -4, 2, -4, 2, -4, 4, -4, 2, -4, 0, -4, 0, -4, 2, -3, 2, -2, 0, -2, 0, 0, -2, -2, 1, -4, 0, -2, 0, 0, 2, -4, -2, -2, 2, -4, -2, -2, -4, 0]
11: 准确率为0.6764705882352942, kendall系数为0.38491354474542777, spearman系数为0.43902950275447256
human_scores is [-1, 1, -1, 1, 0, 0, 0, 0, 1, -1, 0, 0, -1, 1, 1, -1, 1, -1, 1, -1, 1, -1, 1, -1, 1, -1, 1, -1, 1, -1, 0, 0, 1, -1, 0, 0, 1, -1, 0, 0, -1, 1]
model_scores is [-4, -2, -4, -4, 2, -4, -2, -2, 2, -4, 2, -4, -2, -2, 2, -4, -2, 0, 2, -4, 2, -4, 2, -4, -2, 0, 2, -4, 0, -4, -4, 2, 2, -2, 0, -2, 4, -4, 2, -4, -4, 0]
12: 准确率为0.7666666666666667, kendall系数为0.5295135648730969, spearman系数为0.6096346658959104
human_scores is [1, -1, 1, -1, 1, -1, 1, -1, 1, -1, 1, -1, -1, 1, 0, 0, 1, -1, 0, 0, 1, -1, 1, -1, 1, -1, 1, -1, 1, -1, 1, -1, 0, 0, 1, -1, -1, 1, 0, 0, 1, -1]
model_scores is [2, -4, 2, -4, 2, -4, 2, -4, 2, -4, 2, -4, -2, -2, -2, -2, 2, -2, 2, -2, 2, -2, -4, 0, 0, -2, 2, -2, 2, -2, -2, -4, 0, -3, -2, -4, 2, -1, 2, -2, 0, -1]
13: 准确率为0.7794117647058824, kendall系数为0.5333016601523999, spearman系数为0.6009402501902312
human_scores is [0, 0, 0, 0, -1, 1, -1, 1, 0, 0, 1, -1, 0, 0, -1, 1, -1, 1, 0, 0, 1, -1, -1, 1, -1, 1, 0, 0, 1, -1, 0, 0, 1, -1, 1, -1, 1, -1, 1, -1, 1, -1]
model_scores is [4, 0, 3, -4, -4, 2, -4, -2, 0, 0, 0, -4, -2, -2, -4, 0, -2, 2, -2, 0, 2, -2, -4, 2, -2, 2, -2, 2, 2, -4, 0, -2, -2, -4, 2, -4, 2, -2, 2, -4, 2, -2]
14: 准确率为0.8928571428571429, kendall系数为0.6671610432022883, spearman系数为0.7514285639454229
human_scores is [1, -1, 1, -1, 0, 0, 1, -1, 1, -1, 1, -1, -1, 1, -1, 1, 0, 0, 1, -1, 1, -1, -1, 1, 1, -1, 1, -1, 1, -1, 1, -1, 1, -1, 1, -1, 1, -1, 1, -1, 0, 0]
model_scores is [2, -4, 2, -4, 2, -4, 2, -4, 2, -4, 2, -4, 0, -2, -4, 2, 0, -2, 2, -2, 2, -4, -4, 2, -2, -2, 2, -2, 2, -2, 2, -4, 2, -4, 2, -4, 2, -2, 2, -2, -2, 0]
15: 准确率为0.9305555555555556, kendall系数为0.7816797402660282, spearman系数为0.8479218385818784
human_scores is [-1, 1, 0, 0, 1, -1, 1, -1, 0, 0, 1, -1, 1, -1, 1, -1, 1, -1, 1, -1, 1, -1, 1, -1, 1, -1, 0, 0, 1, -1, 1, -1, -1, 1, 1, -1, -1, 1, 0, 0, 1, -1]
model_scores is [2, -4, 2, -4, 2, -4, 2, -4, 2, -4, 2, -4, -4, 2, -2, 2, 2, -2, -4, 0, 2, -2, 0, -2, 2, -4, -2, -2, 2, -4, 2, -2, -2, 2, 2, -2, -4, 2, 0, -2, 2, -4]
16: 准确率为0.7647058823529411, kendall系数为0.39968129298906563, spearman系数为0.44374396816539524
human_scores is [0, 0, 0, 0, -1, 1, 1, -1, -1, 1, -1, 1, 0, 0, -1, 1, 1, -1, -1, 1, -1, 1, -1, 1, 1, -1, -1, 1, -1, 1, 1, -1, 1, -1, 1, -1, -1, 1, -1, 1, 0, 0]
model_scores is [-4, 0, 2, -2, -4, 2, -4, 0, -4, -2, 2, -4, 2, -2, -2, 0, -2, 0, 2, -4, 2, -4, -4, 2, -4, 2, -4, 0, -2, 2, 0, -4, 2, -2, 2, -4, 0, -4, 2, -4, 0, -4]
17: 准确率为0.5, kendall系数为0.02167868360111098, spearman系数为0.025036559896846586
human_scores is [0, 0, -1, 1, -1, 1, -1, 1, 0, 0, 1, -1, -1, 1, -1, 1, -1, 1, 0, 0, 1, -1, 1, -1, 1, -1, 1, -1, 1, -1, 1, -1, 1, -1, 1, -1, 1, -1, 1, -1, 1, -1]
model_scores is [-2, 2, 0, -4, -4, 2, -4, 4, -2, -4, 0, -2, 0, -4, -4, 0, -4, 2, -2, -4, -2, -2, -4, 0, -4, 0, -4, -2, -2, 2, -2, 2, 2, -4, 2, -4, 2, -4, 2, -4, -4, 2]
18: 准确率为0.5833333333333334, kendall系数为0.14910971321410235, spearman系数为0.17152987642365006
human_scores is [-1, 1, 1, -1, 1, -1, 1, -1, 1, -1, 1, -1, 1, -1, 1, -1, 1, -1, 1, -1, 1, -1, 0, 0, 0, 0, 0, 0, 0, 0, 0, 0, 0, 0, 0, 0, 0, 0, 0, 0, 0, 0]
model_scores is [2, -4, 2, -4, 2, -4, 2, -4, 2, -4, 2, -4, 0, -2, 0, 0, -4, 0, 0, 0, 2, -2, -2, 2, -4, 2, -2, 0, 0, -4, 0, 0, 0, -4, 2, -4, 4, -4, 2, -4, -2, -2]
19: 准确率为0.7272727272727273, kendall系数为0.30613893482071597, spearman系数为0.35423177955848023
human_scores is [-1, 1, -1, 1, -1, 1, 0, 0, -1, 1, 0, 0, 1, -1, 1, -1, 1, -1, 1, -1, 1, -1, 0, 0, 1, -1, 0, 0, 1, -1, 1, -1, 0, 0, 1, -1, -1, 1, 0, 0, 1, -1]
model_scores is [-4, 2, -2, -2, -4, -2, -2, -2, 3, -4, 4, -4, 2, -4, 4, -4, 4, -4, 4, -4, 4, -4, -4, -2, -2, -2, 2, -4, 3, -2, 0, -4, 2, -4, 2, -4, 2, -4, 0, -2, -2, -2]
20: 准确率为0.7166666666666667, kendall系数为0.4142714541024835, spearman系数为0.4768111738356709
human_scores is [1, -1, 1, -1, 1, -1, 1, -1, 1, -1, 1, -1, 1, -1, 1, -1, 0, 0, 1, -1, 1, -1, 0, 0, -1, 1, 1, -1, 1, -1, -1, 1, 1, -1, 1, -1, 1, -1, 1, -1, 0, 0]
model_scores is [2, -3, 2, -4, 2, -4, 2, -4, 2, -4, 2, -4, 4, -4, 2, -4, 0, -2, 0, -4, 0, -4, -2, 0, -4, 0, -2, -4, 0, -2, 0, -2, 0, -4, 0, -4, -2, -4, 0, -4, -2, 2]
21: 准确率为0.8055555555555556, kendall系数为0.7543113929408867, spearman系数为0.8349880457815655
human_scores is [1, -1, 1, -1, 1, -1, 1, -1, 1, -1, 1, -1, 1, -1, 1, -1, 1, -1, 1, -1, 1, -1, 0, 0, 1, -1, 1, -1, 1, -1, 1, -1, 1, -1, 1, -1, 0, 0, 0, 0, 0, 0]
model_scores is [2, -4, 2, -4, 2, -4, 4, -4, 2, -4, 2, -4, 2, -4, -2, -4, 2, -4, 2, -4, 2, -4, -4, 0, 2, -2, 0, -4, 0, -4, 2, -4, 2, -4, 2, -4, -2, -2, -2, -4, 2, -2]
22: 准确率为0.9411764705882353, kendall系数为0.8504564464742584, spearman系数为0.9080756918927542
human_scores is [-1, 1, 0, 0, -1, 1, -1, 1, 0, 0, 0, 0, 1, -1, 0, 0, 0, 0, 1, -1, 1, -1, -1, 1, -1, 1, 0, 0, 0, 0, 0, 0, 1, -1, 1, -1, 1, -1, 1, -1, 0, 0]
model_scores is [-4, 2, -2, 2, -4, 4, -2, 2, 0, -2, -2, 2, 0, -2, 2, -2, -2, -4, 0, -4, 0, -2, 0, 0, 0, -2, 2, -2, 0, -2, -2, -4, 2, -4, 0, -4, 2, -2, -2, -2, -2, 2]
23: 准确率为0.7708333333333334, kendall系数为0.48940955457124474, spearman系数为0.5618789445952997
human_scores is [0, 0, -1, 1, 0, 0, 1, -1, -1, 1, 1, -1, -1, 1, 0, 0, 1, -1, -1, 1, 1, -1, 1, -1, 1, -1, 1, -1, 1, -1, 1, -1, -1, 1, 1, -1, -1, 1, 0, 0, 1, -1]
model_scores is [-2, 0, -2, -4, -3, 4, 2, -4, -1, -2, 2, -4, 0, -4, -4, 4, 2, -4, -4, -4, 0, -4, -4, 2, 2, -4, -2, -2, -2, -2, 2, -4, 2, -4, 4, -4, -4, 2, -4, 4, 0, -4]
24: 准确率为0.6617647058823529, kendall系数为0.2588758969500464, spearman系数为0.3094067098473273
human_scores is [1, -1, 1, -1, 1, -1, 0, 0, 1, -1, 1, -1, 1, -1, 1, -1, -1, 1, 1, -1, 1, -1, 0, 0, -1, 1, 0, 0, 1, -1, -1, 1, 0, 0, 1, -1, 1, -1, 1, -1, 1, -1]
model_scores is [-4, 2, 2, -4, -4, -4, 2, -4, 2, -4, -2, -2, 2, -2, 2, -2, 4, -4, 4, -4, 4, -4, -4, 4, -4, 0, -4, 2, -4, 2, 2, -3, -2, -4, 0, -4, 1, -4, 0, -3, -2, -2]
25: 准确率为0.6323529411764706, kendall系数为0.2000293540717463, spearman系数为0.24118119248522535
human_scores is [-1, 1, 0, 0, -1, 1, -1, 1, -1, 1, -1, 1, 1, -1, 0, 0, -1, 1, 0, 0, 0, 0, -1, 1, -1, 1, -1, 1, -1, 1, -1, 1, 0, 0, 0, 0, 1, -1, 1, -1, 0, 0]
model_scores is [-4, 2, 2, -2, -2, 2, -4, 0, 0, 0, 0, -2, 2, -4, 0, -4, 2, -4, 2, -4, 0, -4, -2, 0, 0, 0, 2, 0, 0, 2, 0, -2, 0, -2, 0, -4, 0, 0, -2, -2, -4, 0]
26: 准确率为0.5714285714285714, kendall系数为0.14424213902926966, spearman系数为0.16892175872746867
human_scores is [1, -1, 1, -1, 1, -1, 1, -1, 1, -1, 1, -1, 1, -1, -1, 1, 1, -1, 0, 0, 1, -1, -1, 1, 0, 0, -1, 1, 0, 0, 1, -1, 1, -1, 1, -1, -1, 1, 0, 0, 1, -1]
model_scores is [2, -4, 2, -4, 2, -4, 2, -4, 2, -4, 4, -4, 2, -2, -4, 2, 2, -2, 2, -4, 2, -4, -4, 2, 0, -2, 0, -4, 2, -4, 2, -4, 2, -4, 4, -4, 2, -4, 0, -4, 0, -2]
27: 准确率为0.8823529411764706, kendall系数为0.625485272379673, spearman系数为0.6897226167175439
human_scores is [-1, 1, 0, 0, 1, -1, 1, -1, 1, -1, 1, -1, 1, -1, 1, -1, 1, -1, 1, -1, 1, -1, 1, -1, 1, -1, 1, -1, 1, -1, 0, 0, 1, -1, 1, -1, 1, -1, 1, -1, 0, 0]
model_scores is [-2, -4, 2, -4, 2, -4, 4, -4, 2, -4, 2, -4, 2, -4, 2, -4, 4, -4, 2, -4, 2, -4, -2, 2, 4, -4, 2, -4, 2, -2, 4, -2, 2, -4, 2, -4, 2, -4, 0, -2, -2, 0]
28: 准确率为0.9027777777777778, kendall系数为0.6886010345334639, spearman系数为0.7630583624573739
human_scores is [-1, 1, 1, -1, -1, 1, 1, -1, 1, -1, 1, -1, 1, -1, 0, 0, 1, -1, 1, -1, 1, -1, -1, 1, 1, -1, 1, -1, 1, -1, 1, -1, 1, -1, 1, -1, 0, 0, 0, 0, 0, 0]
model_scores is [-4, 0, 2, -4, -4, 2, -2, -4, -2, -4, 0, -4, 2, -4, -2, -2, 2, -4, 2, -4, 2, -4, -4, 2, -2, -4, -2, -4, 0, -2, 2, -4, 2, -4, 2, -4, -2, -4, -2, -2, -4, 0]
29: 准确率为0.8382352941176471, kendall系数为0.827722187632485, spearman系数为0.8890151095647015
human_scores is [1, -1, 1, -1, 0, 0, -1, 1, 1, -1, 1, -1, 1, -1, -1, 1, -1, 1, 0, 0, 1, -1, -1, 1, -1, 1, -1, 1, 0, 0, -1, 1, 1, -1, 1, -1, 1, -1, 1, -1, 1, -1]
model_scores is [0, 0, 2, -4, -2, -2, -2, -2, 2, -4, 2, -4, -2, -2, -2, 0, 0, -2, 2, -4, 2, -4, -4, 0, -4, -2, 2, -4, 2, -4, 0, -4, 2, -4, 2, -4, 2, -4, 2, -4, 2, -4]
30: 准确率为0.7222222222222222, kendall系数为0.466448019921765, spearman系数为0.5312127152597305
human_scores is [-1, 1, 0, 0, 1, -1, 1, -1, 1, -1, 1, -1, 1, -1, 1, -1, 1, -1, 1, -1, 1, -1, 1, -1, 1, -1, 1, -1, 1, -1, 0, 0, 1, -1, 0, 0, 1, -1, 0, 0, -1, 1]
model_scores is [-2, -2, -2, -2, 2, 0, 2, -4, 2, -4, 2, -4, -2, 2, -2, -4, -2, -2, 2, -2, 2, -4, 0, -4, 2, -2, 2, -4, 2, -4, -2, 0, 2, -2, 2, -4, 2, -2, 2, -4, 2, -2]
31: 准确率为0.7647058823529411, kendall系数为0.51841293208343, spearman系数为0.5820761253152561
human_scores is [1, -1, -1, 1, 1, -1, -1, 1, 0, 0, 1, -1, -1, 1, -1, 1, -1, 1, -1, 1, 0, 0, 1, -1, 0, 0, 1, -1, 1, -1, -1, 1, -1, 1, 1, -1, 1, -1, 1, -1, 1, -1]
model_scores is [2, -4, 2, -4, 2, -4, 2, -4, 2, -4, 2, -4, 2, -2, -4, 2, 0, -4, 2, -4, 2, -4, -2, 2, -4, 0, -2, 0, 0, 2, 0, -4, 2, -4, 2, -4, 0, -4, 0, -4, -2, 0]
32: 准确率为0.4305555555555556, kendall系数为0.05721721352713294, spearman系数为0.06707935620440686
human_scores is [0, 0, 1, -1, 1, -1, 1, -1, 1, -1, 1, -1, 1, -1, 1, -1, 1, -1, 1, -1, 1, -1, -1, 1, 0, 0, 0, 0, 0, 0, 1, -1, 1, -1, 1, -1, 0, 0, 0, 0, 0, 0]
model_scores is [-2, -2, 2, -4, 2, -4, 2, -4, 2, -4, 2, -4, 2, -4, 2, -4, 4, -4, 2, -4, 2, -4, -4, 2, -2, -2, -4, -2, 0, -2, 0, -4, -2, -4, 0, -2, -4, -2, -2, -2, -2, -2]
33: 准确率为0.9285714285714286, kendall系数为0.8724400285971193, spearman系数为0.9147553398822668
human_scores is [-1, 1, 1, -1, 0, 0, 1, -1, 1, -1, 1, -1, 1, -1, 1, -1, 1, -1, 1, -1, 1, -1, -1, 1, 0, 0, -1, 1, 0, 0, 1, -1, 1, -1, 1, -1, -1, 1, 0, 0, 1, -1]
model_scores is [1, -3, 2, -3, -2, -1, 2, -2, 2, -3, 2, -3, 3, -3, -1, 0, 2, -2, 3, -3, 3, -3, -1, 3, -2, -2, 0, -2, 3, -2, 2, -1, 4, -3, 4, -1, -2, 0, 2, -2, 2, -1]
34: 准确率为0.8382352941176471, kendall系数为0.5385576314539268, spearman系数为0.6400434613776348
human_scores is [1, -1, 1, -1, 1, -1, 1, -1, 1, -1, 1, -1, 0, 0, -1, 1, 0, 0, -1, 1, 0, 0, -1, 1, 0, 0, -1, 1, 0, 0, 1, -1, 0, 0, 1, -1, -1, 1, 0, 0, 1, -1]
model_scores is [2, -4, 2, -4, -2, 0, 2, -4, 2, 0, 2, -4, -2, -2, -4, 2, 2, -4, -2, -1, 2, -4, -4, 2, 2, -4, -2, 2, 2, -2, 2, -4, 0, -4, 2, -4, -4, 0, 2, -2, 2, -4]
35: 准确率为0.875, kendall系数为0.6344516599669371, spearman系数为0.7191371536112057
human_scores is [1, -1, 1, -1, 1, -1, 1, -1, 1, -1, 1, -1, 0, 0, 1, -1, 1, -1, 1, -1, 1, -1, 1, -1, 1, -1, 1, -1, 1, -1, 0, 0, 0, 0, 0, 0, 0, 0, 0, 0, 0, 0]
model_scores is [-4, -2, 2, -4, -2, -4, 0, -4, 2, -4, 0, -4, 2, -4, 0, -4, 0, -4, 2, -4, -2, -4, -2, -2, -2, 0, 2, -4, -4, 0, -4, 0, -2, -2, -4, 0, 2, -4, -4, 0, -4, 2]
36: 准确率为0.6785714285714286, kendall系数为0.40644559466631913, spearman系数为0.4741125727790616
human_scores is [1, -1, 0, 0, 1, -1, 1, -1, 1, -1, 1, -1, -1, 1, 0, 0, 1, -1, 1, -1, 1, -1, 1, -1, 1, -1, 1, -1, 1, -1, 1, -1, 1, -1, 1, -1, 1, -1, 1, -1, 0, 0]
model_scores is [4, -4, 2, -4, 2, -4, 2, -4, 2, -4, 2, -4, -2, 2, -4, 2, 2, -4, 2, 0, 0, -2, -4, 2, 2, -4, 0, -2, 0, -4, 2, -4, 2, -4, 2, -4, -2, 0, -4, 2, 0, 0]
37: 准确率为0.7916666666666666, kendall系数为0.5254249173570636, spearman系数为0.5891595028232343
human_scores is [1, -1, 1, -1, 1, -1, 1, -1, 1, -1, 1, -1, 0, 0, 0, 0, 1, -1, 1, -1, 1, -1, 0, 0, 1, -1, 1, -1, 1, -1, 1, -1, 1, -1, 1, -1, 0, 0, 0, 0, 0, 0]
model_scores is [3, -1, 2, -2, 0, -2, 1, -3, 2, -4, 0, -4, -1, -1, -1, -1, -1, -3, 2, -4, -2, -2, -3, -4, 1, -4, 0, -4, -1, -2, -1, -4, 0, -4, 0, -4, 2, -2, -2, 0, -4, 4]
38: 准确率为0.7833333333333333, kendall系数为0.6283772531023564, spearman系数为0.7428956024832069
human_scores is [1, -1, 1, -1, 1, -1, 1, -1, 1, -1, 1, -1, 0, 0, 0, 0, 1, -1, 1, -1, 1, -1, 0, 0, 1, -1, 1, -1, 1, -1, 1, -1, 1, -1, 1, -1, 0, 0, 0, 0, 0, 0]
model_scores is [4, -4, 2, -4, 4, -4, 2, -4, 4, -4, 4, -4, -2, -4, -2, 0, -2, -2, 2, -4, 0, -4, -4, 0, -4, 0, -2, -4, 0, -2, -2, 0, 2, -4, 0, -4, 2, -4, 0, -4, -2, -2]
39: 准确率为0.7833333333333333, kendall系数为0.5805351750904568, spearman系数为0.6557798841820086
human_scores is [-1, 1, 0, 0, 0, 0, 0, 0, 1, -1, 1, -1, 1, -1, 1, -1, 1, -1, 1, -1, 1, -1, 0, 0, 0, 0, 1, -1, 1, -1, 0, 0, 1, -1, 1, -1, 1, -1, 1, -1, 0, 0]
model_scores is [-4, 4, -4, 2, -4, 2, -4, 2, 0, -4, -2, -2, 0, -4, 0, -4, 0, -4, 2, -4, 2, -4, -4, 0, -4, 0, 2, -4, 2, -4, -4, 2, 2, -4, 2, -4, 2, -4, 2, -4, -2, 0]
40: 准确率为0.8928571428571429, kendall系数为0.6818529675727423, spearman系数为0.7695597112039954
human_scores is [1, -1, 1, -1, 1, -1, 1, -1, 1, -1, 1, -1, 1, -1, 1, -1, 1, -1, 1, -1, 1, -1, 0, 0, 1, -1, 1, -1, 1, -1, 1, -1, 1, -1, 1, -1, 0, 0, 0, 0, 0, 0]
model_scores is [2, -4, 2, -4, 2, -4, 4, -4, 2, -4, 2, -4, 2, -4, 0, -4, 0, -4, 0, -4, -4, 0, -4, 0, 0, 0, 2, 0, -4, 2, -2, -4, 2, -4, -4, 0, 2, -2, -4, 0, -4, 2]
41: 准确率为0.7352941176470589, kendall系数为0.47125602713537, spearman系数为0.5275827520428966
human_scores is [1, -1, 0, 0, -1, 1, 1, -1, 1, -1, 1, -1, -1, 1, -1, 1, 0, 0, 1, -1, 1, -1, -1, 1, 1, -1, 1, -1, 1, -1, 1, -1, 1, -1, 1, -1, 1, -1, 1, -1, 0, 0]
model_scores is [0, -2, -4, -2, -2, 2, -4, -2, -4, -2, -2, -4, -2, -2, -2, 2, -4, -2, -2, -2, -2, -4, -4, 0, 0, 0, 0, -2, 2, -2, 2, -4, 0, -4, 2, -4, 0, -4, 2, -4, 2, 2]
42: 准确率为0.7361111111111112, kendall系数为0.46911917772791645, spearman系数为0.5463451994487665
human_scores is [1, -1, 1, -1, 0, 0, 1, -1, 1, -1, 1, -1, -1, 1, -1, 1, 1, -1, 1, -1, 1, -1, -1, 1, 1, -1, 1, -1, 1, -1, 1, -1, 1, -1, 1, -1, 1, -1, 0, 0, -1, 1]
model_scores is [2, -4, 2, -4, 2, -4, 2, -4, 2, -4, 2, -4, 2, -4, -4, -2, 0, -4, -2, -4, -2, -4, -4, 0, -4, -2, -4, -4, -4, 0, 0, -4, 2, -4, -4, -2, 0, -4, -2, 0, -2, 2]
43: 准确率为0.6973684210526315, kendall系数为0.44918707712389006, spearman系数为0.49669963389939137
human_scores is [0, 0, -1, 1, 0, 0, 1, -1, 1, -1, 1, -1, -1, 1, 0, 0, 1, -1, 1, -1, 1, -1, 1, -1, 1, -1, 1, -1, 1, -1, 1, -1, 1, -1, 1, -1, 0, 0, 0, 0, 0, 0]
model_scores is [-2, -4, -2, -4, 2, -4, 2, -4, 2, -4, 2, -4, -2, -2, 2, -2, 2, -2, 2, -4, 2, -2, 2, -2, 2, -4, 2, -4, 2, -4, -2, -2, 0, -2, 0, -2, 2, -2, 2, -2, -2, 0]
44: 准确率为0.8666666666666667, kendall系数为0.582569212367836, spearman系数为0.655111839013559
human_scores is [1, -1, 1, -1, 1, -1, 1, -1, 1, -1, 1, -1, -1, 1, 1, -1, 1, -1, 1, -1, 1, -1, 1, -1, 1, -1, 1, -1, 1, -1, 0, 0, 1, -1, 1, -1, 1, -1, 1, -1, 0, 0]
model_scores is [-2, -2, -2, -2, 2, -4, 2, -4, 2, -4, 2, -4, -2, -2, 4, -4, 4, -4, 2, -4, 2, -4, 2, -4, 2, -4, 2, -4, 2, -4, 2, -2, 2, -4, -2, 0, 0, -2, -4, 0, -4, 0]
45: 准确率为0.8289473684210527, kendall系数为0.6561165263272546, spearman系数为0.7317058109152819
human_scores is [-1, 1, 0, 0, 1, -1, 0, 0, -1, 1, 0, 0, 1, -1, 1, -1, 1, -1, 0, 0, 1, -1, 1, -1, 0, 0, -1, 1, 0, 0, -1, 1, -1, 1, -1, 1, -1, 1, 0, 0, 1, -1]
model_scores is [-2, 0, -2, 0, 2, -2, 2, -2, 2, -4, 2, -2, -4, -4, 2, -2, 0, -1, 2, -4, 2, -4, 2, -2, 2, -2, 0, -4, 2, -4, -2, -2, 0, -4, 0, -4, 0, -4, 0, -2, -2, -4]
46: 准确率为0.5714285714285714, kendall系数为0.0031935845286421138, spearman系数为0.007448871370439225
human_scores is [1, -1, 1, -1, 1, -1, 1, -1, 1, -1, 1, -1, 0, 0, 0, 0, 1, -1, 0, 0, 1, -1, 0, 0, 1, -1, 0, 0, 1, -1, 1, -1, 0, 0, 1, -1, -1, 1, 0, 0, 1, -1]
model_scores is [2, -4, 2, -4, 2, -2, 2, -4, 2, -4, 2, -4, 0, -4, -2, 4, 0, -4, 2, -4, 0, -4, -4, 2, 2, -2, 3, 0, 2, -2, 3, -4, 3, -4, 3, -4, 1, -4, 3, -4, -1, 1]
47: 准确率为0.8214285714285714, kendall系数为0.4559477907757695, spearman系数为0.5651410879099665
human_scores is [0, 0, 1, -1, 0, 0, 1, -1, 1, -1, 1, -1, 1, -1, 0, 0, 1, -1, 1, -1, 1, -1, -1, 1, 1, -1, 1, -1, 1, -1, 1, -1, 1, -1, 1, -1, 1, -1, 1, -1, 0, 0]
model_scores is [2, -2, 2, -4, 2, -2, 2, -4, 2, -4, 2, -4, 0, -4, -2, -2, -2, -4, 2, -4, 0, -4, -4, 0, -2, 0, 2, -4, 0, -4, 0, -2, 2, -4, 2, -4, 0, -4, -2, -4, -2, -4]
48: 准确率为0.8088235294117647, kendall系数为0.743238419749845, spearman系数为0.8195042696492766
human_scores is [1, -1, 1, -1, 0, 0, 1, -1, 1, -1, 1, -1, -1, 1, -1, 1, -1, 1, 1, -1, 1, -1, -1, 1, 0, 0, 1, -1, 1, -1, 1, -1, 1, -1, 1, -1, 1, -1, 1, -1, 0, 0]
model_scores is [4, -4, 2, -2, -2, 2, 2, -2, 2, -4, 2, -4, -2, 0, -4, 2, -2, -2, -2, -2, -2, -2, -4, 2, 0, -2, 0, -4, 0, -4, 2, -4, 2, -4, 2, -4, -2, -4, -2, -2, -4, 0]
49: 准确率为0.8194444444444444, kendall系数为0.6841255257457418, spearman系数为0.7655177486303935
human_scores is [1, -1, 1, -1, 0, 0, 1, -1, 1, -1, 1, -1, 1, -1, -1, 1, 1, -1, 1, -1, 1, -1, -1, 1, 0, 0, 1, -1, 0, 0, 1, -1, 1, -1, 1, -1, 1, -1, 0, 0, -1, 1]
model_scores is [2, -4, 2, -4, 2, -4, 2, -4, 2, -4, 2, -4, -2, 0, -4, 2, -2, 0, 4, -4, 2, -2, -4, 2, 0, -2, 4, -4, 2, -4, 2, -4, 4, -4, 2, -4, 2, -4, 0, -2, -4, 2]
50: 准确率为0.9117647058823529, kendall系数为0.7613810996101296, spearman系数为0.8398295686799436
human_scores is [1, -1, 1, -1, 1, -1, 1, -1, 1, -1, 1, -1, -1, 1, 0, 0, 0, 0, 0, 0, 0, 0, 1, -1, 1, -1, 1, -1, 1, -1, 0, 0, 0, 0, 0, 0, 0, 0, 0, 0, 0, 0]
model_scores is [2, -4, 2, -4, 2, -4, 2, -4, 2, -4, 2, -4, 0, -2, -4, -4, -4, 2, 2, -2, 0, -4, -4, 0, -4, 2, -4, -2, -2, -4, -4, -2, 0, -2, 2, -4, 0, -4, 2, -4, 0, -4]
51: 准确率为0.6818181818181818, kendall系数为0.2832205920185104, spearman系数为0.31895811611301306
human_scores is [-1, 1, 0, 0, 1, -1, 0, 0, 1, -1, 1, -1, 1, -1, 1, -1, 1, -1, 1, -1, 1, -1, 1, -1, 0, 0, 1, -1, 1, -1, -1, 1, 1, -1, 1, -1, 1, -1, 1, -1, 0, 0]
model_scores is [-2, -2, 4, -4, 0, -4, 2, -4, 4, -4, 2, -4, 4, -4, 4, -4, 2, -4, 4, -4, 2, -4, -2, 4, -2, -2, 4, -1, 2, -4, 0, -2, 4, -4, 2, -4, 3, -2, 2, -2, -2, 1]
52: 准确率为0.8529411764705882, kendall系数为0.5980999726097406, spearman系数为0.6867779398803109
human_scores is [1, -1, 1, -1, -1, 1, 1, -1, 1, -1, 1, -1, 0, 0, -1, 1, 1, -1, 1, -1, 0, 0, -1, 1, 1, -1, 1, -1, 0, 0, 1, -1, 1, -1, 1, -1, 0, 0, -1, 1, -1, 1]
model_scores is [-2, 0, -2, -2, -4, 2, 0, -2, 2, -2, 2, -2, 0, -2, -4, 2, 2, -2, 2, -2, 2, -2, -4, 2, 2, -2, 2, -4, 2, -2, 2, -4, 2, -4, 2, -4, 2, -2, 0, 2, 0, 0]
53: 准确率为0.8676470588235294, kendall系数为0.6693839665989059, spearman系数为0.7492003695195668
human_scores is [1, -1, 1, -1, 0, 0, 1, -1, 1, -1, 1, -1, 1, -1, -1, 1, 1, -1, 1, -1, 1, -1, -1, 1, 1, -1, 1, -1, 1, -1, 1, -1, 1, -1, 1, -1, -1, 1, 0, 0, 1, -1]
model_scores is [0, -4, 2, -4, 0, -4, 2, -4, 2, -4, 2, -4, 0, -4, 0, -2, 2, -4, 2, -4, 0, -4, -4, 0, 2, -4, 2, -4, 0, -4, 2, -4, 2, -4, 2, -4, 2, -4, 0, -2, -4, 0]
54: 准确率为0.8026315789473685, kendall系数为0.66878778298601, spearman系数为0.7143421517935555
human_scores is [0, 0, 1, -1, 1, -1, 1, -1, 1, -1, 1, -1, 1, -1, 1, -1, 1, -1, 1, -1, 1, -1, 0, 0, 0, 0, 1, -1, 1, -1, 0, 0, 1, -1, 1, -1, 1, -1, 1, -1, 0, 0]
model_scores is [-4, 2, -2, -4, -4, 2, 0, -2, 2, -4, 2, -4, 2, -4, -2, -2, 2, -4, 2, -4, 2, -4, -4, 2, -2, 0, 0, -2, 2, -2, 2, -4, 2, -4, 2, -4, 0, -2, 0, -2, -2, 0]
55: 准确率为0.8125, kendall系数为0.5381244744880744, spearman系数为0.6177944847678882
human_scores is [0, 0, 0, 0, 0, 0, 1, -1, 1, -1, 1, -1, 0, 0, 0, 0, 1, -1, 1, -1, 1, -1, 0, 0, 1, -1, 1, -1, 1, -1, 1, -1, 1, -1, 1, -1, 0, 0, 0, 0, 0, 0]
model_scores is [-2, 0, -2, -4, -4, 2, -2, -4, -2, -4, 2, -4, 2, -4, -4, 2, 2, -4, 2, -4, 2, -4, -4, 2, 2, -4, 0, -4, 2, -4, 2, -4, 2, -4, 2, -4, 2, -2, 2, -2, 2, -2]
56: 准确率为0.8958333333333334, kendall系数为0.6833601774141302, spearman系数为0.7504170142107038
human_scores is [1, -1, 0, 0, 0, 0, 1, -1, 1, -1, 1, -1, -1, 1, -1, 1, 0, 0, 1, -1, 1, -1, 0, 0, 1, -1, 1, -1, 1, -1, 1, -1, 1, -1, 1, -1, 1, -1, 1, -1, 0, 0]
model_scores is [2, -4, 0, -4, 0, -2, 2, -4, 2, -4, 2, -4, -4, 0, -4, 2, -4, 2, -2, -2, -4, -2, -4, 2, -4, 0, 2, -4, -2, -2, 2, -4, 2, -4, 2, -4, 2, -4, 2, -4, -4, 2]
57: 准确率为0.84375, kendall系数为0.5854094765375644, spearman系数为0.6569553438152976
human_scores is [0, 0, 1, -1, 1, -1, 1, -1, 1, -1, 1, -1, 1, -1, 1, -1, 1, -1, 1, -1, 1, -1, 0, 0, -1, 1, 1, -1, 1, -1, -1, 1, 1, -1, 1, -1, 1, -1, 1, -1, 0, 0]
model_scores is [0, -4, 2, -4, 2, -4, 2, -4, 2, -4, 2, -4, -2, -4, -2, -4, -2, -4, 2, -4, -4, -4, -4, -4, -2, 2, 0, -4, -2, -2, -2, 2, 2, -4, -2, -4, 2, -4, 2, -4, -4, 2]
58: 准确率为0.8194444444444444, kendall系数为0.677772085586298, spearman系数为0.7609167897360759
human_scores is [1, -1, 1, -1, 1, -1, -1, 1, 1, -1, 1, -1, 0, 0, 0, 0, -1, 1, 1, -1, 1, -1, 0, 0, -1, 1, 1, -1, 1, -1, -1, 1, 1, -1, 1, -1, 1, -1, 1, -1, 0, 0]
model_scores is [-4, 4, 0, -4, 2, -4, 2, -4, 2, -4, 0, -4, 2, -4, 2, -4, 4, -4, 4, -4, 4, -4, 0, -2, 0, 0, 0, -4, 2, -4, 0, 0, 0, -2, 0, 0, 2, -4, 2, -4, 2, 0]
59: 准确率为0.6764705882352942, kendall系数为0.31536974721123345, spearman系数为0.35833603583584117
human_scores is [-1, 1, 1, -1, -1, 1, 1, -1, 1, -1, 1, -1, 1, -1, 0, 0, 1, -1, 1, -1, 1, -1, -1, 1, -1, 1, -1, 1, -1, 1, 1, -1, 1, -1, 1, -1, 0, 0, 0, 0, 0, 0]
model_scores is [0, -2, 2, -4, -4, 0, 2, -4, 2, -4, 2, -4, 0, -4, -4, 2, 2, -2, 2, -4, 2, -4, -4, 2, 0, 2, 2, 0, -2, 0, 2, -4, 2, -4, 2, -4, 2, 0, 0, 2, -2, 0]
60: 准确率为0.8529411764705882, kendall系数为0.6692214689780145, spearman系数为0.7436221054567673
human_scores is [1, -1, 0, 0, 0, 0, 1, -1, 1, -1, 1, -1, -1, 1, -1, 1, -1, 1, 0, 0, 0, 0, 0, 0, 1, -1, 1, -1, 1, -1, 1, -1, 1, -1, 1, -1, 1, -1, 1, -1, 0, 0]
model_scores is [-4, 2, -4, 2, -4, 2, -4, 2, 2, -4, -2, -4, -2, -2, -4, 0, -4, 2, 2, -4, 0, -4, -4, -2, -4, 0, 2, -4, 0, -4, -2, -2, 2, -4, 2, -4, 2, -4, 2, -4, -4, 0]
61: 准确率为0.6833333333333333, kendall系数为0.35306522324787515, spearman系数为0.4038564861276271
human_scores is [0, 0, -1, 1, -1, 1, 0, 0, 1, -1, 1, -1, -1, 1, -1, 1, 0, 0, 1, -1, 1, -1, 0, 0, 1, -1, 1, -1, 1, -1, 1, -1, 1, -1, 1, -1, 1, -1, 1, -1, 0, 0]
model_scores is [1, -2, -3, 4, -3, 2, -3, 2, 3, -4, -1, -2, -4, 4, -4, 2, -4, 4, 2, -4, -4, -2, 4, -4, 0, 0, 4, -4, 2, -4, -4, 4, 2, -4, 0, -4, 4, -4, 2, -4, -4, 2]
62: 准确率为0.828125, kendall系数为0.476286190749059, spearman系数为0.5633458469687427
human_scores is [0, 0, 1, -1, 1, -1, 1, -1, 1, -1, 1, -1, 1, -1, 1, -1, 1, -1, 1, -1, 1, -1, 1, -1, 1, -1, 1, -1, 1, -1, 1, -1, 1, -1, 1, -1, 1, -1, 1, -1, 0, 0]
model_scores is [2, -4, 2, -4, 2, -4, 2, -4, 2, -4, 2, -4, 0, -4, -2, 0, 0, -2, 0, -4, 0, 0, -4, -2, 0, -2, 0, -2, 0, -2, 2, -4, 0, -4, 0, -4, -4, 0, -4, -4, -4, -2]
63: 准确率为0.7368421052631579, kendall系数为0.4983767830814657, spearman系数为0.5685280620585057
human_scores is [1, -1, 1, -1, 1, -1, 1, -1, 1, -1, 1, -1, 1, -1, 1, -1, 1, -1, 1, -1, 1, -1, 0, 0, 0, 0, 1, -1, 1, -1, 0, 0, 1, -1, 1, -1, 1, -1, 1, -1, 0, 0]
model_scores is [2, -4, 2, -4, 2, -4, 2, -4, 2, -4, 2, -4, 2, -2, -2, -2, 0, -2, 2, -4, 0, -2, -2, 0, -2, -2, 0, 0, -2, -2, 0, -2, 2, -4, -2, -2, 2, -2, -2, -2, -2, 0]
64: 准确率为0.8235294117647058, kendall系数为0.6924702274599853, spearman系数为0.7533122136151207
human_scores is [1, -1, 1, -1, 1, -1, 1, -1, 1, -1, 1, -1, 1, -1, 0, 0, 1, -1, 1, -1, 1, -1, -1, 1, 1, -1, 1, -1, 1, -1, 1, -1, 1, -1, 1, -1, 0, 0, 0, 0, 0, 0]
model_scores is [-4, 0, 2, -4, -4, 0, 2, -4, -2, -4, 2, -4, -2, -4, 0, -4, 2, -4, 0, -4, 2, -4, -4, 0, -4, -4, 0, -4, 2, -2, 2, -4, 0, -4, 2, -4, -4, -2, -2, -2, 0, -4]
65: 准确率为0.7647058823529411, kendall系数为0.5912035922276386, spearman系数为0.6462233411209186
human_scores is [0, 0, 0, 0, 0, 0, 0, 0, 1, -1, 1, -1, 0, 0, 0, 0, 0, 0, 1, -1, 1, -1, 0, 0, 0, 0, 1, -1, 1, -1, 0, 0, 1, -1, 1, -1, 1, -1, 1, -1, 1, -1]
model_scores is [2, -4, 2, -2, -2, -2, 2, -4, 0, -4, 0, -4, -2, 2, -4, 0, -4, 0, 2, -4, -4, -2, -2, 0, 2, -2, 0, -2, -2, -2, 2, -4, 0, -4, 0, -4, 0, -4, -2, 0, -4, 0]
66: 准确率为0.6363636363636364, kendall系数为0.2662077210515506, spearman系数为0.3151605296122183
human_scores is [0, 0, 1, -1, 0, 0, 1, -1, 1, -1, 1, -1, 1, -1, 0, 0, 1, -1, 1, -1, 1, -1, -1, 1, 0, 0, 1, -1, 1, -1, 1, -1, 1, -1, 1, -1, 1, -1, 1, -1, 0, 0]
model_scores is [2, -4, 0, -4, -4, -4, 2, -4, 2, -4, 2, -4, 0, 0, -4, 2, 0, -2, 2, -4, 2, -4, -4, 0, 2, -2, 2, -4, 2, -4, 2, -4, 2, -4, 2, -4, 0, -4, 0, -4, -2, 2]
67: 准确率为0.890625, kendall系数为0.691262148313928, spearman系数为0.7845720678491392
human_scores is [0, 0, 1, -1, 1, -1, 1, -1, 1, -1, 1, -1, 1, -1, 1, -1, 1, -1, 1, -1, 1, -1, 1, -1, 0, 0, 1, -1, 1, -1, -1, 1, 0, 0, 1, -1, 1, -1, 1, -1, 1, -1]
model_scores is [2, -4, 0, -4, 2, -4, 2, -4, 2, -4, 2, -4, 0, -2, -4, -4, -2, -4, 2, -3, -2, -3, 1, -2, -2, -4, -2, -4, -1, -3, 2, -4, 0, -4, -2, -4, -2, -4, -1, -1, 0, -1]
68: 准确率为0.6805555555555556, kendall系数为0.4433220815547152, spearman系数为0.5270281289680977
human_scores is [1, -1, 1, -1, 0, 0, 1, -1, 1, -1, 1, -1, 0, 0, -1, 1, 0, 0, 1, -1, 1, -1, -1, 1, 0, 0, 1, -1, 1, -1, 1, -1, 1, -1, 1, -1, 1, -1, 1, -1, 0, 0]
model_scores is [0, -4, 2, -4, -4, 2, 2, -2, 2, -4, 2, -4, 2, -2, -4, 2, 2, -2, 2, -4, 2, -2, -4, 2, -2, -2, 2, -2, 2, 0, 2, -4, 2, -4, 2, -4, 2, -4, 2, -4, 0, 2]
69: 准确率为0.96875, kendall系数为0.7990115332534999, spearman系数为0.8669490359723397
human_scores is [0, 0, 1, -1, 0, 0, 1, -1, 1, -1, 1, -1, 1, -1, 0, 0, 1, -1, 1, -1, 1, -1, -1, 1, 1, -1, 1, -1, 1, -1, 1, -1, 1, -1, 1, -1, 0, 0, 0, 0, 0, 0]
model_scores is [2, -4, 2, -4, 2, -4, 2, -4, 2, -4, 2, -4, 4, -4, 2, -4, 2, -4, 2, -4, 2, -4, -4, 2, -2, -4, -2, -4, -4, -4, 4, -4, 2, -2, 0, -4, 0, -4, -2, 0, -4, 0]
70: 准确率为0.8833333333333333, kendall系数为0.6882024855539692, spearman系数为0.7636647540002369
human_scores is [1, -1, 1, -1, 1, -1, 1, -1, 1, -1, 1, -1, 1, -1, 0, 0, 1, -1, 1, -1, 1, -1, -1, 1, 0, 0, 1, -1, 1, -1, 1, -1, 1, -1, 1, -1, 1, -1, 1, -1, 0, 0]
model_scores is [-2, 2, -2, -2, -2, 2, -2, -2, 0, -2, 2, -4, 2, -4, 0, 0, 2, -4, 2, -4, 2, -4, -4, 2, -4, 2, 0, -2, 2, -4, 4, -4, 4, -4, 2, -4, 2, -4, 2, -4, -2, 0]
71: 准确率为0.8055555555555556, kendall系数为0.6341353637627128, spearman系数为0.7063975929140442
human_scores is [0, 0, 1, -1, 0, 0, 1, -1, 1, -1, 1, -1, 1, -1, 0, 0, 1, -1, 1, -1, 1, -1, -1, 1, 0, 0, 0, 0, 0, 0, 1, -1, 1, -1, 1, -1, 0, 0, 0, 0, 0, 0]
model_scores is [-2, 2, -2, 2, -2, 2, -2, -2, 2, -4, 2, -4, 2, -4, 0, -2, 0, -4, 2, -4, 2, -4, -4, 2, -4, 0, 2, -4, 2, -4, 2, -2, 2, -4, 2, -4, 2, -4, 2, -4, -4, 0]
72: 准确率为0.8541666666666666, kendall系数为0.5605549547772328, spearman系数为0.6279273688467044
human_scores is [1, -1, 1, -1, 1, -1, 1, -1, 1, -1, 1, -1, 0, 0, 0, 0, 0, 0, 1, -1, 1, -1, 0, 0, 0, 0, 1, -1, 1, -1, 0, 0, 1, -1, 1, -1, 1, -1, 1, -1, 0, 0]
model_scores is [2, -4, 2, -4, 2, -2, 2, -4, 2, -4, 2, -4, -2, 0, -4, 2, 0, 0, 2, -4, 2, -4, 0, -2, 2, -4, 0, -4, 2, -4, 2, -4, 2, -4, 2, -4, 0, -4, 2, -4, 0, -4]
73: 准确率为0.9642857142857143, kendall系数为0.7905585867332436, spearman系数为0.8496914161731195
human_scores is [-1, 1, -1, 1, -1, 1, 1, -1, 1, -1, 1, -1, 0, 0, 0, 0, 1, -1, 1, -1, 1, -1, 0, 0, 1, -1, 1, -1, 1, -1, 1, -1, 1, -1, 1, -1, 0, 0, 0, 0, 0, 0]
model_scores is [-4, 2, -2, -4, -4, 2, 2, -4, 2, -4, 2, -4, 0, -4, -4, -2, 2, -4, 2, -4, 2, -4, -4, 0, 0, -4, 2, -4, -4, -2, 2, -4, 2, -4, 2, -4, -2, 0, -4, 0, -4, 2]
74: 准确率为0.9166666666666666, kendall系数为0.6988117423523041, spearman系数为0.7479934541178963
human_scores is [-1, 1, -1, 1, -1, 1, 1, -1, 0, 0, 1, -1, 1, -1, 1, -1, 1, -1, 1, -1, 1, -1, 0, 0, 1, -1, 1, -1, 1, -1, 1, -1, 1, -1, 1, -1, -1, 1, 0, 0, 1, -1]
model_scores is [2, -4, 2, -4, 2, -4, 2, -4, 2, -4, 2, -4, 2, -4, -2, -2, 2, -4, 2, -4, 2, -4, -4, -2, 0, -4, 2, -4, 2, -4, 2, -4, 2, -4, 2, -4, 4, -2, 2, -2, -2, 0]
75: 准确率为0.6944444444444444, kendall系数为0.3847735467274337, spearman系数为0.4216809030253991
human_scores is [0, 0, 1, -1, 0, 0, 1, -1, 1, -1, 1, -1, 1, -1, 0, 0, 1, -1, 1, -1, 1, -1, -1, 1, 0, 0, 0, 0, 1, -1, 1, -1, 1, -1, 1, -1, 0, 0, 1, -1, 1, -1]
model_scores is [2, -4, 2, -4, 2, -4, 2, -4, 2, -4, 2, -4, -4, -2, -2, 0, 0, -4, 0, -4, -2, -4, -2, -2, 0, 0, -2, -4, -2, -4, 0, -4, 0, -4, -2, -4, 2, -2, 0, -2, -4, -2]
76: 准确率为0.7166666666666667, kendall系数为0.4963579466537995, spearman系数为0.5756311387144651
human_scores is [0, 0, 1, -1, -1, 1, 1, -1, 1, -1, 1, -1, 1, -1, -1, 1, 1, -1, 1, -1, 1, -1, -1, 1, 0, 0, 1, -1, 1, -1, 1, -1, 1, -1, 1, -1, 1, -1, 1, -1, 0, 0]
model_scores is [0, -2, 0, -4, -4, 2, -2, 0, 2, -4, 2, -4, -2, -2, -4, 2, -4, 0, 2, -4, 2, -4, -4, 2, -4, 2, 2, -4, 2, -4, 2, -2, 2, -4, 2, -4, 2, -4, 2, -4, 0, 0]
77: 准确率为0.875, kendall系数为0.7346744997600533, spearman系数为0.7961402503880628
human_scores is [1, -1, 1, -1, 0, 0, 1, -1, 1, -1, 1, -1, 0, 0, -1, 1, 0, 0, -1, 1, 0, 0, -1, 1, 0, 0, -1, 1, 0, 0, 1, -1, 1, -1, 1, -1, -1, 1, 0, 0, 1, -1]
model_scores is [2, -4, 2, -4, 0, -4, 2, -4, 2, -4, 2, -4, -4, 2, -4, 2, 0, 0, 0, -2, 0, -2, -2, 2, 2, -4, 2, -2, 0, -4, 2, -4, 3, -4, 2, -4, -2, -2, 0, -2, 0, -2]
78: 准确率为0.8214285714285714, kendall系数为0.5822603703184981, spearman系数为0.6548004206097924
human_scores is [1, -1, 1, -1, 1, -1, 1, -1, 1, -1, 1, -1, 0, 0, 0, 0, 1, -1, 1, -1, 1, -1, 0, 0, 1, -1, 1, -1, 1, -1, 1, -1, 1, -1, 1, -1, 0, 0, 0, 0, 0, 0]
model_scores is [-2, -2, 0, -4, -4, -4, 0, -2, 0, -4, 0, -4, 0, -2, 0, 2, -4, 0, 2, -2, 2, -2, -2, 2, -4, 0, 0, -2, 0, -2, -4, 0, 0, -2, 0, -2, 2, -4, 2, -4, -2, -2]
79: 准确率为0.65, kendall系数为0.223029739330847, spearman系数为0.2658564167649804
human_scores is [0, 0, 0, 0, 0, 0, 1, -1, 1, -1, 1, -1, 0, 0, 0, 0, 1, -1, 1, -1, 1, -1, 0, 0, 1, -1, 1, -1, 1, -1, 1, -1, 1, -1, 1, -1, -1, 1, -1, 1, -1, 1]
model_scores is [1, -2, 4, -2, 4, -2, 1, -3, 2, -4, 4, -4, 2, -2, 2, -2, -3, -3, 0, -1, 0, -3, -1, 2, -1, -1, -2, 0, -2, 0, -1, -2, -2, 2, 0, 0, 0, -2, 1, -3, -2, -2]
80: 准确率为0.5166666666666667, kendall系数为0.08833164463696173, spearman系数为0.10755870019271918
human_scores is [0, 0, 1, -1, 0, 0, 1, -1, 1, -1, 1, -1, 1, -1, 0, 0, 1, -1, 1, -1, 1, -1, -1, 1, -1, 1, 0, 0, 0, 0, 1, -1, 1, -1, 1, -1, 1, -1, 1, -1, 0, 0]
model_scores is [2, -4, 2, -4, 2, 0, 2, -4, 2, -4, 2, -4, 2, -2, -4, 2, -2, -4, 2, -2, 0, -2, -4, 2, -2, 2, 0, -2, -4, 2, 2, -4, 2, -4, 2, -4, -2, -2, 0, -2, -2, 2]
81: 准确率为0.9, kendall系数为0.6405318611035344, spearman系数为0.7319250547113998
human_scores is [-1, 1, 1, -1, 1, -1, 1, -1, 1, -1, 1, -1, 1, -1, 1, -1, 1, -1, 1, -1, 1, -1, 0, 0, 0, 0, 1, -1, 1, -1, 0, 0, 1, -1, 1, -1, 1, -1, 1, -1, 0, 0]
model_scores is [2, -4, 2, -4, 2, -4, 2, -4, 2, -4, 2, -4, -2, 0, -4, 2, -4, 2, -4, -2, -4, -4, -4, 2, -2, 0, -2, 0, -2, -2, -4, -4, 2, -4, 0, -4, 2, -4, 0, -4, -4, -2]
82: 准确率为0.6176470588235294, kendall系数为0.25081468231264903, spearman系数为0.2810270177344382
human_scores is [0, 0, 1, -1, 1, -1, 1, -1, 1, -1, 1, -1, 1, -1, 1, -1, 1, -1, 1, -1, 1, -1, 0, 0, 1, -1, 1, -1, 1, -1, 1, -1, 1, -1, 1, -1, 0, 0, 0, 0, 0, 0]
model_scores is [2, -4, 2, -4, 0, -4, 2, -4, 2, -4, 2, -4, 0, -2, -4, 0, -2, -4, 0, -2, 0, -2, -4, 0, -2, -2, -2, -2, 0, -2, 2, -4, 2, -4, 2, -4, 2, -2, 0, -2, 0, -2]
83: 准确率为0.78125, kendall系数为0.5608221636481256, spearman系数为0.63912607743476
human_scores is [0, 0, -1, 1, 0, 0, 0, 0, 1, -1, 1, -1, -1, 1, 0, 0, 0, 0, 1, -1, 1, -1, 1, -1, 1, -1, 1, -1, 1, -1, 0, 0, 1, -1, 1, -1, 1, -1, 1, -1, 0, 0]
model_scores is [2, -2, 2, -4, 2, -4, 2, -4, 2, -4, 2, -4, -2, -4, 2, -4, -2, 0, 2, -4, 0, -2, 0, -2, -2, 2, 2, -2, 0, -2, -4, 2, 0, -4, 0, 0, 2, -4, 0, -2, -2, 2]
84: 准确率为0.6964285714285714, kendall系数为0.27715271280260695, spearman系数为0.33633326559302157
human_scores is [1, -1, 0, 0, 1, -1, 1, -1, 1, -1, 1, -1, -1, 1, 0, 0, 1, -1, 1, -1, 1, -1, 1, -1, 1, -1, 1, -1, 1, -1, 1, -1, 1, -1, 1, -1, 1, -1, 1, -1, 0, 0]
model_scores is [2, -4, 2, -4, 0, -4, 2, -4, 2, -4, 2, -4, -2, -2, -4, 2, 2, -4, 2, -2, 2, -4, -4, 2, 2, -4, 2, -4, 0, -4, 2, -4, 2, -4, 2, -4, -2, 2, -2, 0, 2, -4]
85: 准确率为0.7916666666666666, kendall系数为0.5540517842491166, spearman系数为0.6293403339738426
human_scores is [-1, 1, 0, 0, 0, 0, 1, -1, 1, -1, 1, -1, 1, -1, 1, -1, 1, -1, 1, -1, 1, -1, 0, 0, 1, -1, 1, -1, 1, -1, 1, -1, 1, -1, 1, -1, 0, 0, 0, 0, 0, 0]
model_scores is [0, 1, 0, -4, 3, 0, 3, -2, 4, -3, 2, -2, 0, -3, 3, -1, 3, -3, 2, -2, 2, -2, -4, 0, -2, 0, -4, 0, 2, -2, 2, -2, 1, -2, 4, -4, 0, -2, 2, -2, 2, -2]
86: 准确率为0.8666666666666667, kendall系数为0.5152356504239352, spearman系数为0.6104359856441602
human_scores is [1, -1, 1, -1, 1, -1, 1, -1, 1, -1, 1, -1, 0, 0, 0, 0, 0, 0, 0, 0, 1, -1, 0, 0, 0, 0, 0, 0, 1, -1, 0, 0, 0, 0, 1, -1, 0, 0, 1, -1, 1, -1]
model_scores is [2, -4, 2, -4, 0, -2, -2, -2, 2, -4, 2, -4, -2, -4, -2, 0, -4, 0, 0, -4, 2, -2, -2, 2, -4, 0, 0, -2, 2, -2, -4, -2, 0, -4, 2, -2, 2, -4, 2, -4, 0, -2]
87: 准确率为0.9090909090909091, kendall系数为0.5752969567181802, spearman系数为0.6517265337144673
human_scores is [-1, 1, -1, 1, -1, 1, -1, 1, 1, -1, -1, 1, 0, 0, 0, 0, 0, 0, 1, -1, 0, 0, 0, 0, 0, 0, 1, -1, 0, 0, 0, 0, 1, -1, 0, 0, 1, -1, 0, 0, -1, 1]
model_scores is [-2, -4, -4, 0, -4, 0, -2, 0, -2, -2, 0, -4, -4, 0, -4, 2, -2, 0, 2, -3, -2, -4, -4, -2, -2, -4, -4, -4, 0, -4, 2, -4, 2, -4, 2, -4, -2, -4, 0, -4, -2, -4]
88: 准确率为0.6363636363636364, kendall系数为0.17056893369198264, spearman系数为0.19886955049567231
human_scores is [0, 0, 1, -1, 1, -1, 1, -1, 1, -1, 1, -1, 1, -1, 1, -1, 1, -1, 1, -1, 1, -1, -1, 1, 0, 0, 0, 0, 0, 0, 1, -1, 1, -1, 1, -1, 0, 0, 0, 0, 0, 0]
model_scores is [-4, 0, 2, -4, -2, -4, 2, -4, 2, -4, 2, -4, 2, -4, 0, -4, 2, -4, 2, -4, 2, -4, -4, 2, -2, -2, 0, -2, 0, -2, 2, -4, 2, -4, 2, -4, 0, -2, 0, -2, 0, 2]
89: 准确率为0.9464285714285714, kendall系数为0.8732207279595231, spearman系数为0.9174735722264008
human_scores is [1, -1, 1, -1, 1, -1, 1, -1, 1, -1, 1, -1, 0, 0, 0, 0, 0, 0, 1, -1, 1, -1, 0, 0, 0, 0, 1, -1, 1, -1, 0, 0, 1, -1, 1, -1, 1, -1, 1, -1, 0, 0]
model_scores is [4, -2, 4, -2, 3, -4, 2, -4, 3, -4, 4, -4, 0, -2, 0, 4, -2, 0, 0, -4, 4, -4, 0, 2, -4, 2, -2, -4, 2, -4, -2, 0, 0, -4, 2, -4, 2, -4, 4, -4, -2, -2]
90: 准确率为0.9285714285714286, kendall系数为0.7652419632292728, spearman系数为0.845114747189427
human_scores is [1, -1, 0, 0, 0, 0, 0, 0, 0, 0, 1, -1, -1, 1, -1, 1, -1, 1, -1, 1, 1, -1, 0, 0, 0, 0, 0, 0, 1, -1, 0, 0, 0, 0, 1, -1, 0, 0, 1, -1, 1, -1]
model_scores is [2, -4, 2, -4, 2, -4, 2, -4, 4, -4, 2, -4, -2, 0, -4, 2, -4, 2, 2, -2, 2, -4, -4, -2, -2, 2, 2, -4, 2, -4, -2, -4, 4, -4, 2, -4, 0, -4, 2, -4, 0, 0]
91: 准确率为0.8409090909090909, kendall系数为0.4623223525465342, spearman系数为0.5366367333714561
human_scores is [1, -1, 1, -1, 1, -1, 1, -1, 1, -1, 1, -1, 1, -1, 0, 0, 1, -1, 1, -1, 1, -1, -1, 1, 1, -1, 0, 0, 0, 0, 1, -1, 1, -1, 1, -1, -1, 1, -1, 1, 0, 0]
model_scores is [-2, -4, 2, -4, 2, -4, 4, -4, 4, -4, 4, -4, 0, -4, -2, -2, 2, -4, -4, -4, 0, -2, -4, 0, 2, -2, 2, -2, -2, -2, 4, -4, 3, -4, 2, -4, -4, 2, -1, 3, -1, 0]
92: 准确率为0.8970588235294118, kendall系数为0.7602042508722199, spearman系数为0.8313915500527697
human_scores is [0, 0, 0, 0, 0, 0, 0, 0, 1, -1, 1, -1, 0, 0, 0, 0, 0, 0, 1, -1, 1, -1, 0, 0, 0, 0, 1, -1, 1, -1, 0, 0, 1, -1, 1, -1, 1, -1, 1, -1, 0, 0]
model_scores is [-2, -2, -2, -4, -2, 2, 0, -2, 2, -4, 0, -4, -2, -2, -4, 2, -4, 0, 0, -4, 2, -2, -4, 2, -4, 0, 2, -4, 0, -2, -2, -4, 0, -4, 2, -2, 2, -4, 2, -4, -4, 0]
93: 准确率为0.9, kendall系数为0.6189829551217841, spearman系数为0.6896943731751485
human_scores is [0, 0, 1, -1, 1, -1, 0, 0, 1, -1, 1, -1, 1, -1, 1, -1, 0, 0, 1, -1, 1, -1, 0, 0, -1, 1, 1, -1, 1, -1, -1, 1, 1, -1, 1, -1, 1, -1, 1, -1, 0, 0]
model_scores is [-2, -4, 2, -4, 2, -4, 2, -4, 2, -4, 2, -4, 2, -4, 2, -4, 0, -4, 2, -4, 4, -3, -2, -4, 0, -4, 2, -4, 2, -2, 0, -2, 2, -2, 2, -2, 0, -2, 0, -2, -2, 2]
94: 准确率为0.875, kendall系数为0.5794477316791422, spearman系数为0.6721930217987002
human_scores is [1, -1, 1, -1, 1, -1, 1, -1, 1, -1, 1, -1, -1, 1, 0, 0, 0, 0, 1, -1, 1, -1, 1, -1, 1, -1, 1, -1, 1, -1, 0, 0, 1, -1, 1, -1, 1, -1, 1, -1, 0, 0]
model_scores is [2, -4, 2, -4, 2, -4, 2, -2, 2, -4, 2, -4, -4, 2, 0, -2, -4, 2, 2, -2, 0, -2, 2, -4, -2, -2, 4, -4, 2, -4, -4, 2, 2, -2, 2, -2, 4, -4, 2, -4, 0, -2]
95: 准确率为0.9558823529411765, kendall系数为0.7605357381035899, spearman系数为0.8422023923399065
human_scores is [-1, 1, -1, 1, -1, 1, -1, 1, 1, -1, 0, 0, 1, -1, 1, -1, 1, -1, 1, -1, 1, -1, 0, 0, 0, 0, 1, -1, 1, -1, 0, 0, 1, -1, 1, -1, 1, -1, 1, -1, -1, 1]
model_scores is [0, -2, -2, -2, -2, 0, 2, -4, 2, -4, 2, -4, -2, 2, -4, 0, 0, 0, 2, -4, 0, -4, 0, 0, 2, -4, 2, -4, 2, -4, 2, -2, 2, -4, 2, -4, 0, -2, 2, -2, -2, 0]
96: 准确率为0.6764705882352942, kendall系数为0.3322211150344516, spearman系数为0.3870336017875657
human_scores is [-1, 1, 1, -1, 1, -1, 1, -1, 1, -1, 1, -1, 1, -1, 1, -1, 1, -1, 1, -1, 1, -1, 0, 0, 0, 0, 0, 0, 1, -1, 0, 0, 0, 0, 1, -1, 0, 0, 1, -1, 1, -1]
model_scores is [1, -1, 2, -4, -4, 0, 2, -4, 0, -4, 2, -4, 0, 0, -4, 2, -2, -4, -4, -2, 2, -4, -2, 2, 0, 0, 0, 0, 0, -2, 0, -2, 0, -2, 2, -4, 0, -2, 2, -2, -2, -4]
97: 准确率为0.65, kendall系数为0.3450709923827979, spearman系数为0.38545325604122704
human_scores is [1, -1, 1, -1, 1, -1, 1, -1, 1, -1, 1, -1, 1, -1, 1, -1, 0, 0, 1, -1, 1, -1, 0, 0, -1, 1, 1, -1, 0, 0, -1, 1, 1, -1, 0, 0, 1, -1, 1, -1, -1, 1]
model_scores is [2, -4, 2, -4, 2, -4, 2, -4, 2, -4, 2, -4, -2, -2, -2, 0, 0, -2, 0, -2, 0, -2, -4, 2, -2, -2, 0, -2, 0, -2, 2, -4, 0, -4, 2, -4, -2, -2, 2, -2, 0, -4]
98: 准确率为0.7058823529411765, kendall系数为0.3893228754777143, spearman系数为0.44765228222967685
human_scores is [0, 0, 1, -1, 1, -1, 1, -1, 1, -1, 1, -1, 1, -1, 1, -1, 1, -1, 1, -1, 1, -1, 0, 0, 0, 0, 1, -1, 1, -1, 0, 0, 1, -1, 1, -1, 1, -1, 1, -1, 0, 0]
model_scores is [-2, -4, 2, -4, -4, -2, 2, -4, 2, -4, 2, -4, 2, -4, -2, 0, 0, -4, 2, -4, 2, -4, -4, 2, -4, -2, 2, -2, 0, -2, 2, -4, 2, -4, 2, -4, 2, -4, 2, -4, -4, 0]
99: 准确率为0.890625, kendall系数为0.6502653369119884, spearman系数为0.731282408261554
平均准确率为0.7900309610088054, 平均kendall系数为0.5326156146867391, 平均spearman系数为0.597871082016256
