human_scores is [1, -1, 0, 0, 1, -1, 1, -1, 1, -1, 1, -1, -1, 1, 1, -1, 1, -1, 0, 0, 1, -1, 1, -1, 1, -1, 1, -1, 1, -1, -1, 1, -1, 1, 0, 0, -1, 1, 1, -1, 1, -1]
model_scores is [-2, 0, -2, -2, 2, -2, 0, -2, 2, -2, 0, -2, -2, -2, 0, 0, 0, -2, 2, -2, 2, -2, 0, 0, 0, 2, 2, -2, 2, -2, 0, -2, 2, -2, 0, -2, 0, -2, 2, -2, 0, -2]
0: 准确率为0.6388888888888888, kendall系数为0.2953864279739995, spearman系数为0.3285091522175248
human_scores is [0, 0, -1, 1, -1, 1, 1, -1, -1, 1, -1, 1, -1, 1, -1, 1, 1, -1, -1, 1, -1, 1, 0, 0, 1, -1, -1, 1, 0, 0, 1, -1, -1, 1, 0, 0, -1, 1, -1, 1, 1, -1]
model_scores is [2, -2, 0, -2, 0, -2, 2, -2, 2, -2, 2, -2, 0, 0, -2, 2, 0, -2, 2, -2, 2, -2, -2, 2, 0, -2, 0, -2, 2, -2, 2, -2, 2, -2, 2, -2, -2, -2, 0, -2, -2, -2]
1: 准确率为0.4117647058823529, kendall系数为0.1677737461701209, spearman系数为0.19211684257122966
human_scores is [0, 0, -1, 1, 0, 0, 0, 0, 0, 0, 1, -1, -1, 1, 0, 0, 0, 0, 0, 0, 1, -1, 1, -1, 1, -1, 1, -1, 1, -1, 0, 0, 0, 0, 1, -1, 0, 0, 1, -1, 1, -1]
model_scores is [0, 0, 2, -2, -2, -2, 0, -2, 2, -2, 2, -2, 0, -2, 0, 0, 0, -2, 2, -2, 2, -2, -2, 0, -2, 0, 0, -2, 2, -2, 0, -2, 2, -2, 2, -2, 0, -2, 2, -2, 0, -2]
2: 准确率为0.6590909090909091, kendall系数为0.25223775038199187, spearman系数为0.2747659781299753
human_scores is [1, -1, 1, -1, 1, -1, 1, -1, 1, -1, 1, -1, 1, -1, 0, 0, -1, 1, 1, -1, 1, -1, -1, 1, -1, 1, 0, 0, 1, -1, -1, 1, 1, -1, 1, -1, 1, -1, 1, -1, 1, -1]
model_scores is [0, 0, 2, -2, 2, -2, 2, -2, 2, -2, 2, -2, 2, -2, 2, 0, 2, -2, 2, -2, 2, -2, -2, 2, -2, -2, -2, -2, -2, -2, 2, -2, 2, -2, 2, -2, -2, -2, 0, -2, 0, -2]
3: 准确率为0.7631578947368421, kendall系数为0.5196168331256314, spearman系数为0.553843466587986
human_scores is [-1, 1, 0, 0, 0, 0, 0, 0, -1, 1, 1, -1, 1, -1, 1, -1, 1, -1, 0, 0, 1, -1, 0, 0, 0, 0, -1, 1, 1, -1, 0, 0, -1, 1, 1, -1, -1, 1, 1, -1, 1, -1]
model_scores is [2, 0, 2, -2, 2, 0, 2, -2, 2, -2, 2, -2, 0, -2, -2, 2, 0, -2, 0, -2, 2, -2, -2, 2, -2, 0, -2, -2, 0, -2, 2, -2, 2, -2, 2, -2, 0, -2, 0, -2, 0, -2]
4: 准确率为0.5535714285714286, kendall系数为0.10978875820670998, spearman系数为0.12743833921952336
human_scores is [-1, 1, 0, 0, 1, -1, 1, -1, 0, 0, 1, -1, 1, -1, 1, -1, 1, -1, 1, -1, 1, -1, 1, -1, 1, -1, 0, 0, 1, -1, 1, -1, -1, 1, 1, -1, -1, 1, 0, 0, 1, -1]
model_scores is [-2, 0, -2, -2, 0, 0, 0, -2, 2, -2, 2, -2, -2, -2, 0, 0, 0, -2, 2, -2, 2, -2, -2, 0, 2, -2, 2, -2, 2, -2, 2, -2, 2, -2, 2, -2, 2, -2, 2, -2, -2, -2]
5: 准确率为0.6764705882352942, kendall系数为0.3282529816371931, spearman系数为0.37222638248175743
human_scores is [-1, 1, 1, -1, 1, -1, 1, -1, 0, 0, 1, -1, 1, -1, 1, -1, 1, -1, 1, -1, 1, -1, 0, 0, 1, -1, -1, 1, 1, -1, 1, -1, -1, 1, 1, -1, -1, 1, 0, 0, 1, -1]
model_scores is [-2, 2, 0, -2, 0, 0, 0, -2, 2, -2, 2, -2, 2, -2, 2, -2, 2, -2, 2, -2, 2, -2, -2, 0, 0, 0, 2, -2, 2, -2, 2, -2, 2, -2, 2, -2, 2, -2, 0, -2, -2, -2]
6: 准确率为0.7222222222222222, kendall系数为0.4322605325594604, spearman系数为0.46756820226260304
human_scores is [-1, 1, 1, -1, 0, 0, -1, 1, 1, -1, 1, -1, 1, -1, 1, -1, 0, 0, 1, -1, 1, -1, -1, 1, -1, 1, 0, 0, 0, 0, -1, 1, 1, -1, 1, -1, 1, -1, 1, -1, 0, 0]
model_scores is [0, -2, 2, -2, 2, 0, 2, -2, 2, -2, 2, -2, 2, -2, 0, 0, 0, -2, 2, -2, 2, -2, -2, 0, -2, 0, 2, -2, 0, -2, 2, 0, 2, -2, 2, -2, 2, -2, 2, -2, -2, -2]
7: 准确率为0.78125, kendall系数为0.5127638648859922, spearman系数为0.5626561727697313
human_scores is [-1, 1, -1, 1, 0, 0, 0, 0, 0, 0, -1, 1, 1, -1, 1, -1, 1, -1, 1, -1, 1, -1, 1, -1, 1, -1, 1, -1, 1, -1, 0, 0, 0, 0, -1, 1, 0, 0, -1, 1, -1, 1]
model_scores is [2, -2, 2, -2, 0, 0, 0, 2, 2, -2, 2, -2, 0, -2, 0, -2, 0, 0, 0, -2, 2, -2, -2, 2, -2, 2, -2, -2, 0, -2, -2, 0, 2, -2, 2, -2, 2, -2, 2, -2, -2, -2]
8: 准确率为0.36666666666666664, kendall系数为0.22363409850067592, spearman系数为0.24120907566221092
human_scores is [0, 0, -1, 1, 0, 0, -1, 1, 0, 0, -1, 1, -1, 1, 0, 0, -1, 1, 0, 0, -1, 1, 1, -1, 1, -1, 1, -1, 0, 0, -1, 1, 0, 0, -1, 1, 1, -1, -1, 1, -1, 1]
model_scores is [-2, 2, 2, -2, 2, -2, 0, -2, 2, -2, 2, -2, 2, -2, 2, -2, 0, -2, 2, -2, 2, -2, -2, -2, -2, -2, 0, -2, 0, -2, 0, -2, 0, -2, 2, -2, -2, -2, 0, -2, -2, -2]
9: 准确率为0.26785714285714285, kendall系数为0.4151994368861456, spearman系数为0.4670268949945595
human_scores is [-1, 1, -1, 1, -1, 1, -1, 1, -1, 1, 0, 0, 0, 0, 1, -1, 0, 0, 1, -1, 1, -1, 1, -1, 0, 0, 1, -1, 1, -1, -1, 1, 0, 0, 1, -1, 1, -1, 1, -1, 1, -1]
model_scores is [-2, 2, 0, 0, 0, 2, 0, -2, 0, -2, 2, -2, 2, -2, 0, -2, 2, -2, 2, -2, 2, -2, -2, 0, 0, -2, 2, -2, 0, -2, 0, -2, 0, -2, 2, -2, -2, 0, 0, -2, 0, -2]
10: 准确率为0.65625, kendall系数为0.2879906638400779, spearman系数为0.3274076867410074
human_scores is [-1, 1, -1, 1, 0, 0, -1, 1, 0, 0, 1, -1, -1, 1, 1, -1, 0, 0, 1, -1, 1, -1, 1, -1, 1, -1, 1, -1, 1, -1, -1, 1, 0, 0, 1, -1, 1, -1, 1, -1, 1, -1]
model_scores is [-2, 2, 0, -2, -2, 0, 0, 2, 2, -2, 2, -2, 2, -2, 2, -2, 0, -2, 2, -2, 2, -2, -2, 0, 0, 2, 0, -2, 2, -2, 0, 2, 2, -2, 2, -2, 0, -2, 2, -2, -2, -2]
11: 准确率为0.7205882352941176, kendall系数为0.40391523016987796, spearman系数为0.4470377869520512
human_scores is [0, 0, 1, -1, 1, -1, 1, -1, 1, -1, 1, -1, 1, -1, 1, -1, 1, -1, 1, -1, 1, -1, -1, 1, 0, 0, 0, 0, 0, 0, 1, -1, 1, -1, 1, -1, 0, 0, 0, 0, 0, 0]
model_scores is [-2, 0, 2, -2, 0, -2, 2, -2, 2, -2, 2, -2, 2, -2, 2, -2, 2, -2, 2, -2, 2, -2, 0, 0, 0, 0, 2, -2, 2, -2, 0, -2, 2, -2, 2, -2, 2, -2, 2, -2, -2, -2]
12: 准确率为0.9285714285714286, kendall系数为0.7065990954707113, spearman系数为0.7772279913332524
human_scores is [0, 0, 0, 0, 0, 0, 1, -1, -1, 1, 0, 0, 0, 0, 0, 0, 1, -1, -1, 1, 0, 0, 0, 0, 1, -1, -1, 1, 0, 0, 1, -1, -1, 1, 0, 0, -1, 1, -1, 1, 1, -1]
model_scores is [-2, 2, 0, 0, -2, 2, 0, -2, 2, -2, 2, -2, 0, -2, 0, -2, 2, -2, 2, -2, 2, -2, -2, 0, 0, -2, 2, 0, 2, -2, 2, -2, 2, -2, 2, -2, 0, 0, -2, -2, -2, -2]
13: 准确率为0.4772727272727273, kendall系数为0.01962534233140023, spearman系数为0.02053854804806964
human_scores is [-1, 1, -1, 1, 0, 0, -1, 1, -1, 1, 1, -1, -1, 1, 1, -1, 0, 0, 0, 0, 1, -1, 1, -1, 1, -1, 1, -1, 1, -1, -1, 1, -1, 1, 1, -1, 0, 0, 1, -1, 1, -1]
model_scores is [0, 0, 0, 0, 2, -2, 2, -2, 2, -2, 2, -2, 0, -2, 0, -2, 0, -2, 0, -2, 2, -2, 0, -2, 0, -2, 2, -2, 2, -2, -2, 0, 0, -2, 2, -2, 0, -2, 2, -2, -2, -2]
14: 准确率为0.6470588235294118, kendall系数为0.3076942770617206, spearman系数为0.33803312887002346
human_scores is [-1, 1, 0, 0, 0, 0, 1, -1, -1, 1, -1, 1, 1, -1, 1, -1, 1, -1, 0, 0, 0, 0, 0, 0, 1, -1, -1, 1, -1, 1, 1, -1, -1, 1, -1, 1, -1, 1, -1, 1, 0, 0]
model_scores is [-2, 0, 2, -2, -2, -2, 0, -2, 2, -2, 2, -2, 2, -2, -2, -2, 2, -2, 2, -2, 2, -2, -2, 0, -2, 0, -2, -2, -2, -2, 0, -2, 2, -2, 2, -2, 2, -2, 2, -2, -2, -2]
15: 准确率为0.4, kendall系数为0.15240583699814791, spearman系数为0.169811937621225
human_scores is [-1, 1, -1, 1, -1, 1, -1, 1, 0, 0, -1, 1, -1, 1, 1, -1, -1, 1, 1, -1, 1, -1, 1, -1, 0, 0, 1, -1, 1, -1, -1, 1, 1, -1, 0, 0, 1, -1, 1, -1, -1, 1]
model_scores is [-2, 2, 0, -2, 0, 0, 0, -2, 2, -2, 2, -2, 2, -2, 2, -2, 2, -2, 2, -2, 2, -2, -2, 2, 0, -2, 0, -2, 2, -2, 2, -2, 2, -2, 2, -2, -2, -2, -2, -2, 0, -2]
16: 准确率为0.5, kendall系数为0.00933739785351131, spearman系数为0.010527936095153945
human_scores is [-1, 1, -1, 1, -1, 1, 1, -1, 1, -1, 0, 0, 0, 0, 0, 0, 1, -1, 1, -1, 1, -1, 0, 0, 1, -1, 1, -1, 1, -1, 1, -1, 1, -1, 1, -1, 0, 0, -1, 1, -1, 1]
model_scores is [0, 0, 0, -2, -2, 0, -2, -2, 2, -2, 2, -2, 0, -2, -2, 0, -2, -2, 2, -2, 2, -2, -2, 2, 0, 0, 2, -2, 2, -2, 0, -2, 2, -2, 2, -2, 0, -2, 2, -2, 0, -2]
17: 准确率为0.6875, kendall系数为0.3514618163449016, spearman系数为0.3894813327045927
human_scores is [1, -1, -1, 1, 0, 0, 1, -1, 1, -1, 0, 0, -1, 1, -1, 1, 1, -1, 0, 0, -1, 1, 1, -1, 1, -1, 1, -1, 1, -1, 1, -1, 1, -1, 0, 0, -1, 1, -1, 1, -1, 1]
model_scores is [0, -2, 2, -2, 0, 0, 0, -2, 1, -2, 2, -2, 2, -2, -2, 0, 2, -2, 1, -1, 1, -2, -2, 0, -2, -2, 1, -2, -2, -2, 0, -2, 2, -2, 2, -2, 1, -2, -2, -2, -1, -1]
18: 准确率为0.5441176470588235, kendall系数为0.10324560514859894, spearman系数为0.11965700560072458
human_scores is [0, 0, 0, 0, -1, 1, -1, 1, 0, 0, 0, 0, 0, 0, -1, 1, -1, 1, 0, 0, 0, 0, -1, 1, -1, 1, 0, 0, 0, 0, 0, 0, 1, -1, 1, -1, 1, -1, 1, -1, 0, 0]
model_scores is [-2, -2, 2, -2, -2, 0, 2, -2, 2, -2, 2, -2, 2, -2, 0, 0, 2, -2, 2, -2, 2, -2, -2, 0, 0, -2, 2, -2, 2, -2, 0, -2, 2, -2, 2, -2, 2, -2, 2, -2, -2, -2]
19: 准确率为0.625, kendall系数为0.17295188667139424, spearman系数为0.19528164438810075
human_scores is [1, -1, 1, -1, 1, -1, 1, -1, 1, -1, 1, -1, 1, -1, 0, 0, 0, 0, 1, -1, 0, 0, -1, 1, -1, 1, 0, 0, -1, 1, 0, 0, 1, -1, 0, 0, 1, -1, 0, 0, -1, 1]
model_scores is [-2, 0, 0, -2, 0, -2, -2, -2, 2, -2, 2, -2, 0, -2, 0, -1, 0, -1, 2, -2, 2, -2, -2, 0, 0, 0, 0, -2, -2, -2, -2, 0, 1, -2, 0, -2, 0, -2, 1, -2, -2, -2]
20: 准确率为0.7142857142857143, kendall系数为0.4545570567857221, spearman系数为0.4999554622164544
human_scores is [1, -1, 0, 0, 0, 0, -1, 1, 0, 0, 0, 0, -1, 1, -1, 1, -1, 1, -1, 1, -1, 1, 0, 0, -1, 1, 0, 0, 0, 0, -1, 1, 0, 0, 0, 0, 1, -1, 1, -1, 0, 0]
model_scores is [-2, 0, 0, -2, 0, 0, 2, -2, 2, -2, 2, -2, 2, -2, 2, -2, 2, -2, 2, -2, 2, -2, 0, 2, 0, -2, 0, -2, 2, -2, -2, -2, 0, -2, 2, -2, -2, -2, -2, -2, 0, -2]
21: 准确率为0.18181818181818182, kendall系数为0.5091927578283671, spearman系数为0.5485088808374878
human_scores is [1, -1, 1, -1, 1, -1, 1, -1, 1, -1, 1, -1, 0, 0, 0, 0, 0, 0, 1, -1, 0, 0, 0, 0, 0, 0, 1, -1, 0, 0, 0, 0, 1, -1, 0, 0, 1, -1, 0, 0, -1, 1]
model_scores is [2, -2, 2, -2, 2, -2, 2, -2, 2, -2, 2, -2, 0, 0, 0, 0, 0, 0, 2, -2, 2, -2, -2, 0, 0, -2, 2, -2, 2, -2, 0, -2, 2, -2, 2, -2, 2, -2, 2, -2, -2, 0]
22: 准确率为0.9772727272727273, kendall系数为0.7537866299125537, spearman系数为0.7967271051536908
human_scores is [0, 0, 0, 0, 0, 0, 0, 0, 0, 0, 1, -1, 0, 0, 0, 0, 0, 0, 0, 0, 1, -1, 0, 0, 0, 0, 0, 0, 1, -1, 0, 0, 0, 0, 1, -1, 0, 0, 1, -1, 1, -1]
model_scores is [-2, 0, 0, -2, 0, -2, 2, -2, 2, -2, 2, -2, 0, 0, 0, -2, 2, -2, 2, -2, 2, -2, -2, -2, 2, -2, 2, -2, 0, -2, 2, -2, 2, -2, 2, -2, -2, -2, 0, -2, -2, -2]
23: 准确率为0.8333333333333334, kendall系数为0.39915736160892656, spearman系数为0.43246217877379284
human_scores is [-1, 1, 1, -1, 1, -1, -1, 1, -1, 1, 0, 0, 1, -1, 1, -1, 0, 0, 0, 0, 1, -1, 0, 0, -1, 1, -1, 1, -1, 1, -1, 1, -1, 1, -1, 1, 0, 0, 1, -1, 1, -1]
model_scores is [-2, 2, 0, -2, -2, 2, 2, -2, 2, -2, 2, -2, 2, -2, 0, 0, 2, -2, 2, -2, 2, -2, -2, 2, 0, 0, 2, -2, 2, -2, 2, -2, 2, -2, 2, -2, 0, -2, 0, -2, 0, -2]
24: 准确率为0.390625, kendall系数为0.18184375273551953, spearman系数为0.20560158428764466
human_scores is [-1, 1, 0, 0, 0, 0, -1, 1, 0, 0, 1, -1, 1, -1, 1, -1, 0, 0, 1, -1, 1, -1, 0, 0, -1, 1, 0, 0, 1, -1, -1, 1, 0, 0, 1, -1, 1, -1, 1, -1, 1, -1]
model_scores is [-2, 0, 2, -2, -2, -2, 0, -2, 2, -2, 2, -2, 2, -2, 0, -2, 0, -2, 2, -2, 2, -2, -2, 2, -2, 0, -2, -2, -2, -2, 0, -2, 2, -2, 2, -2, 2, -2, 2, -2, 0, -2]
25: 准确率为0.7857142857142857, kendall系数为0.4843935144432294, spearman系数为0.5476774830239555
human_scores is [1, -1, 0, 0, 1, -1, 1, -1, 1, -1, 1, -1, -1, 1, 1, -1, 1, -1, 1, -1, 0, 0, 1, -1, 1, -1, 1, -1, 1, -1, 0, 0, 1, -1, -1, 1, 1, -1, -1, 1, -1, 1]
model_scores is [0, -2, 2, 0, 0, 0, 0, -2, 2, -2, 2, -2, 2, 0, -2, 0, 0, -2, 2, -2, 2, -2, 0, 0, 0, -2, 2, -2, 2, -2, 0, -2, 2, -2, 2, -2, -2, -2, 0, -2, 0, -2]
26: 准确率为0.6388888888888888, kendall系数为0.29508623667647915, spearman系数为0.3273268353539886
human_scores is [-1, 1, -1, 1, -1, 1, -1, 1, -1, 1, -1, 1, -1, 1, -1, 1, 0, 0, 0, 0, 0, 0, 0, 0, 1, -1, 1, -1, 1, -1, 1, -1, 1, -1, 1, -1, 0, 0, 0, 0, 0, 0]
model_scores is [0, -2, 0, -2, 2, -2, 0, -2, 2, -2, 2, -2, 0, -2, 0, 0, -2, -2, 2, -2, 2, -2, -2, 0, 0, 0, 2, -2, 2, -2, -2, -2, 0, -2, 2, -2, 0, -2, 2, -2, -2, 0]
27: 准确率为0.44642857142857145, kendall系数为0.11616334257857575, spearman系数为0.12975644374703538
human_scores is [-1, 1, -1, 1, -1, 1, -1, 1, -1, 1, -1, 1, -1, 1, -1, 1, -1, 1, 1, -1, 0, 0, 1, -1, 0, 0, 1, -1, 1, -1, -1, 1, 1, -1, 1, -1, 1, -1, 1, -1, -1, 1]
model_scores is [1, 1, -1, 1, -1, 1, 1, -1, 2, -1, 1, -1, -1, 1, -1, 1, 1, -1, 1, -1, 1, -1, -2, 1, 2, -2, 2, -2, 2, -2, 2, -1, 1, -1, 1, -1, 2, -2, 2, -2, -2, -2]
28: 准确率为0.631578947368421, kendall系数为0.2263493143532885, spearman系数为0.2580448256344891
human_scores is [-1, 1, -1, 1, 1, -1, -1, 1, 1, -1, 0, 0, -1, 1, 1, -1, -1, 1, 1, -1, 1, -1, 1, -1, 0, 0, 1, -1, 1, -1, -1, 1, 1, -1, -1, 1, 1, -1, 1, -1, -1, 1]
model_scores is [-2, 2, 0, -2, 0, -2, 0, -2, 2, -2, 2, -2, 2, -2, 0, -2, 2, -2, 2, -2, 2, -2, -2, -2, -2, 0, 2, -2, 2, -2, 2, 0, 2, -2, 2, -2, 2, -2, 2, -2, -2, -2]
29: 准确率为0.6447368421052632, kendall系数为0.2854548257414787, spearman系数为0.30619474421812065
human_scores is [1, -1, -1, 1, 1, -1, 1, -1, 1, -1, -1, 1, -1, 1, 0, 0, 0, 0, 0, 0, -1, 1, 1, -1, 1, -1, 1, -1, 1, -1, 0, 0, 0, 0, -1, 1, 0, 0, -1, 1, -1, 1]
model_scores is [-2, -2, 0, -2, 0, -2, 2, -2, 2, -2, 2, -2, 0, -2, 0, -2, 0, -2, 2, -2, 2, -2, -2, -2, -2, -2, -2, -2, 0, -2, -2, -2, 0, -2, 0, -2, 2, -2, 2, -2, -2, -2]
30: 准确率为0.45, kendall系数为0.10590934783415233, spearman系数为0.11615534207286161
human_scores is [1, -1, 1, -1, 1, -1, 1, -1, 1, -1, 1, -1, 1, -1, 1, -1, 0, 0, 1, -1, 1, -1, -1, 1, -1, 1, -1, 1, -1, 1, -1, 1, 0, 0, 0, 0, 1, -1, 1, -1, 0, 0]
model_scores is [-2, 2, 0, -2, -2, 2, 0, -2, 0, -2, 2, -2, 2, -2, 2, -2, 2, -2, 2, -2, 2, -2, -2, 2, -2, -2, -2, -2, -2, -2, 2, -2, 2, -2, 2, -2, -2, -2, 0, -2, -2, -2]
31: 准确率为0.6470588235294118, kendall系数为0.2959623904386887, spearman系数为0.32761805708976016
human_scores is [1, -1, 1, -1, 1, -1, 1, -1, 1, -1, 1, -1, 0, 0, 1, -1, 1, -1, 1, -1, 1, -1, 1, -1, 1, -1, 1, -1, 1, -1, -1, 1, -1, 1, -1, 1, 0, 0, 0, 0, 0, 0]
model_scores is [-2, -2, 0, -2, -2, 2, 0, -2, 2, -2, 2, -2, 2, -2, -2, 2, 2, 0, 2, -2, 2, -2, -2, 2, -2, 0, -2, -2, -2, -2, 0, -2, 2, -2, 2, -2, 2, -2, 2, -2, 0, -2]
32: 准确率为0.4852941176470588, kendall系数为0.03162742803608443, spearman系数为0.03531274591531799
human_scores is [1, -1, 1, -1, 1, -1, 0, 0, 0, 0, 1, -1, 0, 0, 0, 0, -1, 1, -1, 1, 0, 0, 0, 0, -1, 1, -1, 1, 0, 0, -1, 1, -1, 1, 0, 0, 0, 0, 1, -1, 1, -1]
model_scores is [2, -2, 2, -2, 0, 0, 0, -2, 2, -2, 2, -2, -2, -2, -2, 0, -2, -2, 2, -2, 2, -2, -2, 0, -2, -2, 2, -2, 2, -2, 0, -2, 2, -2, 2, -2, 2, -2, 2, -2, -2, -2]
33: 准确率为0.5208333333333334, kendall系数为0.024127751005982755, spearman系数为0.026352313834736494
human_scores is [1, -1, 1, -1, -1, 1, 0, 0, 0, 0, 0, 0, 0, 0, -1, 1, -1, 1, -1, 1, -1, 1, -1, 1, -1, 1, -1, 1, -1, 1, 1, -1, 1, -1, 1, -1, 0, 0, 0, 0, 0, 0]
model_scores is [0, -2, 2, -2, 2, -2, 2, -2, 2, -2, 2, -2, 0, -2, 2, -2, 0, -2, 2, -2, 2, -2, -2, -2, 0, -2, -2, -2, -2, -2, -2, -2, -2, -2, 0, -2, -2, -2, 0, -2, -2, -2]
34: 准确率为0.39285714285714285, kendall系数为0.18873664545023325, spearman系数为0.20788767860257115
human_scores is [0, 0, 1, -1, 1, -1, 1, -1, 1, -1, 1, -1, 1, -1, 1, -1, 1, -1, 1, -1, 1, -1, 1, -1, 0, 0, 1, -1, 1, -1, -1, 1, 0, 0, 0, 0, 1, -1, 1, -1, 0, 0]
model_scores is [-2, 0, 2, -2, 2, -2, 2, -2, 2, -2, 2, -2, 2, -2, 2, -2, 2, -2, 2, -2, 2, -2, -2, -2, 2, -2, 2, -2, 2, -2, -2, -2, 2, -2, 2, -2, 2, -2, 2, -2, 0, -2]
35: 准确率为0.9375, kendall系数为0.7526002733873493, spearman系数为0.7900033311055686
human_scores is [-1, 1, 0, 0, 1, -1, 0, 0, 1, -1, 1, -1, 1, -1, 1, -1, 1, -1, 1, -1, 1, -1, 1, -1, 0, 0, 1, -1, 1, -1, -1, 1, 0, 0, 0, 0, 1, -1, 1, -1, 0, 0]
model_scores is [2, -2, 2, -2, 2, -2, 2, -2, 2, -2, 2, -2, 0, 0, -2, 0, 0, -2, 2, -2, 2, -2, -2, 0, 2, -2, 2, -2, 2, -2, 0, -2, 2, -2, 2, -2, -2, -2, 0, -2, -2, -2]
36: 准确率为0.6833333333333333, kendall系数为0.2960456953660172, spearman系数为0.3395761871269996
human_scores is [1, -1, 1, -1, 1, -1, 1, -1, 1, -1, 0, 0, 1, -1, 0, 0, 0, 0, 0, 0, -1, 1, -1, 1, -1, 1, -1, 1, -1, 1, 0, 0, 0, 0, -1, 1, 0, 0, -1, 1, -1, 1]
model_scores is [0, 0, 2, -2, -2, -2, 0, -2, 2, -2, 2, -2, 0, -2, -2, -2, 0, -2, 0, -2, 2, -2, -2, 0, -2, -2, 0, -2, 0, -2, 0, -2, 2, -2, 2, -2, 0, -2, 2, -2, -2, -2]
37: 准确率为0.48214285714285715, kendall系数为0.02193480065403303, spearman系数为0.02434122146773135
human_scores is [0, 0, 0, 0, 1, -1, 0, 0, 1, -1, 1, -1, 0, 0, 1, -1, 0, 0, 1, -1, 1, -1, 1, -1, 0, 0, 1, -1, 1, -1, -1, 1, 0, 0, 0, 0, 1, -1, 1, -1, 0, 0]
model_scores is [-2, -2, 0, -2, -2, 0, -2, -2, 2, -2, 0, -2, 0, -2, -2, 2, 0, -2, 2, -2, 2, -2, -2, 0, 0, -2, 0, -2, 2, -2, 2, -2, 2, -2, 2, -2, 2, -2, 0, -2, -2, -2]
38: 准确率为0.6458333333333334, kendall系数为0.24651018867599425, spearman系数为0.27117967189209696
human_scores is [0, 0, 0, 0, 0, 0, -1, 1, -1, 1, -1, 1, 0, 0, 0, 0, -1, 1, -1, 1, -1, 1, 0, 0, -1, 1, -1, 1, -1, 1, -1, 1, -1, 1, -1, 1, 0, 0, 0, 0, 0, 0]
model_scores is [0, 2, 2, 2, 0, 0, 2, -2, 2, -2, 2, -2, 2, -2, 0, -2, 2, -2, 2, -2, 2, -2, -2, 2, 2, -2, 2, -2, 2, -2, 2, -2, 2, -2, 2, -2, 0, -2, 0, -2, -2, -2]
39: 准确率为0.0, kendall系数为0.7753148860571064, spearman系数为0.8172062695283988
human_scores is [0, 0, 1, -1, 1, -1, 1, -1, 1, -1, 1, -1, 1, -1, 1, -1, 1, -1, 1, -1, 1, -1, 0, 0, 1, -1, 1, -1, 1, -1, 1, -1, 1, -1, 1, -1, -1, 1, -1, 1, 0, 0]
model_scores is [-2, 0, 2, -2, 2, 0, 2, -2, 2, -2, 2, -2, 2, -2, 2, -2, 2, -2, 2, -2, 2, -2, -2, 0, -2, -2, 2, -2, 2, -2, 0, -2, 2, -2, 2, -2, 2, -2, 2, -2, -2, -2]
40: 准确率为0.8333333333333334, kendall系数为0.6210590034081188, spearman系数为0.654476952208143
human_scores is [-1, 1, 0, 0, 0, 0, -1, 1, 0, 0, 0, 0, 1, -1, 1, -1, 1, -1, 1, -1, 1, -1, 0, 0, -1, 1, 0, 0, 0, 0, -1, 1, 0, 0, 0, 0, 1, -1, 1, -1, 0, 0]
model_scores is [-2, 0, 0, -2, -2, 1, -2, -2, 2, -2, 2, -2, 0, -2, 1, 1, 2, -2, 2, -2, 2, -2, -2, 1, -2, 0, 2, -2, 2, -2, 1, -2, 1, -2, 1, -2, 2, -2, 2, -2, -2, -2]
41: 准确率为0.75, kendall系数为0.3989418139519557, spearman系数为0.4527023495469557
human_scores is [1, -1, -1, 1, 0, 0, 1, -1, 1, -1, 1, -1, -1, 1, -1, 1, 0, 0, 0, 0, 0, 0, 1, -1, 1, -1, 1, -1, 1, -1, 1, -1, 1, -1, 1, -1, 0, 0, 0, 0, 0, 0]
model_scores is [-2, 0, 0, -2, -2, -2, 0, -2, 2, -2, 2, -2, 2, -2, -2, -2, 2, -2, 2, -2, 2, -2, -2, 0, 0, 0, 0, -2, 0, -2, 2, -2, 2, -2, 2, -2, 0, -2, 0, -2, 0, -2]
42: 准确率为0.6428571428571429, kendall系数为0.2486823656509969, spearman系数为0.28009414500419905
human_scores is [-1, 1, 0, 0, -1, 1, -1, 1, -1, 1, -1, 1, 1, -1, 0, 0, 0, 0, 1, -1, 0, 0, -1, 1, -1, 1, -1, 1, -1, 1, 0, 0, 1, -1, 0, 0, 1, -1, 0, 0, -1, 1]
model_scores is [-2, 2, 0, -2, -2, 0, 0, -2, 2, -2, 2, -2, 2, -2, 0, 0, 2, -2, 2, -2, 2, -2, -2, 2, -2, 2, -2, -2, 0, -2, 0, -2, 2, -2, 2, -2, 2, -2, 2, -2, -2, -2]
43: 准确率为0.6607142857142857, kendall系数为0.2648657432009968, spearman系数为0.2865013789017372
human_scores is [-1, 1, 0, 0, -1, 1, -1, 1, 0, 0, 1, -1, 1, -1, 0, 0, 1, -1, 1, -1, 1, -1, -1, 1, -1, 1, 0, 0, 1, -1, 1, -1, 1, -1, 1, -1, 1, -1, 1, -1, 1, -1]
model_scores is [-2, 0, 2, -2, -2, 0, 0, -2, 2, -2, 2, -2, 2, -2, 2, 0, 2, -2, 2, -2, 2, -2, -2, 2, -2, -2, 0, -2, -2, -2, 0, -2, 2, -2, 2, -2, 0, -2, 0, -2, -2, -2]
44: 准确率为0.7941176470588235, kendall系数为0.5749015925356934, spearman系数为0.6350307017021948
human_scores is [0, 0, 0, 0, 0, 0, 0, 0, 0, 0, -1, 1, 0, 0, 0, 0, 0, 0, 0, 0, -1, 1, 0, 0, 0, 0, 0, 0, -1, 1, 0, 0, 0, 0, -1, 1, 0, 0, -1, 1, -1, 1]
model_scores is [0, -2, 0, -2, 0, -2, 0, -2, 2, -2, 2, -2, 0, -2, 0, 2, 0, -2, 2, -2, 2, -2, -2, 0, 0, -2, 0, -2, 2, -2, -2, -2, 2, -2, 2, -2, 0, -2, 0, -2, -2, -2]
45: 准确率为0.125, kendall系数为0.477521239314738, spearman系数为0.5052825521590271
human_scores is [0, 0, 0, 0, 0, 0, 0, 0, 0, 0, 0, 0, 0, 0, 0, 0, 0, 0, 0, 0, 0, 0, 0, 0, 0, 0, 0, 0, 0, 0, 0, 0, 0, 0, 0, 0, 0, 0, 0, 0, 0, 0]
model_scores is [-2, 2, 0, -2, 0, 0, 0, -2, 2, -2, 2, -2, 2, -2, 2, -2, 2, -2, 2, -2, 2, -2, -2, 0, 0, -2, 2, -2, 2, -2, 0, -2, 0, -2, 2, -2, 0, -2, 0, -2, -2, -2]
46: 准确率为1, kendall系数为0, spearman系数为0
human_scores is [-1, 1, 1, -1, 0, 0, -1, 1, -1, 1, -1, 1, 1, -1, 1, -1, 1, -1, 1, -1, 0, 0, -1, 1, -1, 1, -1, 1, -1, 1, -1, 1, -1, 1, -1, 1, 0, 0, -1, 1, -1, 1]
model_scores is [-2, 2, 0, -2, 0, -2, 0, -2, 2, -2, 2, -2, 2, -2, 0, -2, 2, -2, 2, -2, 2, -2, -2, 0, 0, -2, 2, -2, -2, -2, 0, -2, 2, -2, 2, -2, 2, -2, 0, -2, -2, -2]
47: 准确率为0.4583333333333333, kendall系数为0.08639354603891504, spearman系数为0.09539742727207494
human_scores is [-1, 1, -1, 1, 0, 0, 0, 0, -1, 1, -1, 1, 0, 0, 1, -1, 1, -1, 0, 0, 0, 0, 1, -1, 1, -1, 0, 0, 0, 0, 0, 0, -1, 1, -1, 1, -1, 1, -1, 1, 0, 0]
model_scores is [0, -2, 0, -2, 2, -2, 0, -2, 2, -2, 2, -2, 2, -2, 0, -2, 2, 0, 2, -2, 2, -2, -2, 0, -2, 0, 2, -2, 0, -2, 0, 0, 2, -2, 2, -2, 2, -2, 2, -2, -2, -2]
48: 准确率为0.20833333333333334, kendall系数为0.47716000631547495, spearman系数为0.5337415577834
human_scores is [1, -1, -1, 1, 1, -1, 1, -1, 1, -1, 1, -1, -1, 1, -1, 1, -1, 1, -1, 1, 0, 0, 1, -1, 1, -1, 1, -1, 1, -1, 0, 0, 0, 0, 1, -1, 0, 0, 1, -1, 1, -1]
model_scores is [0, -2, -2, -2, -2, 0, 2, -2, 0, -2, 2, -2, -2, -2, -2, 2, -2, -2, 0, -2, 2, -2, -2, 0, 2, -2, 2, -2, 2, -2, 2, -2, 2, -2, 2, -2, -2, -2, 2, -2, -2, -2]
49: 准确率为0.7205882352941176, kendall系数为0.3929700799835963, spearman系数为0.4367550510458726
human_scores is [0, 0, 0, 0, 1, -1, -1, 1, -1, 1, -1, 1, 0, 0, 1, -1, -1, 1, -1, 1, -1, 1, 1, -1, -1, 1, -1, 1, -1, 1, -1, 1, -1, 1, -1, 1, -1, 1, 0, 0, 1, -1]
model_scores is [-2, -2, 2, -2, -2, 0, 2, -2, 2, -2, 2, -2, 2, -2, -2, -2, 2, -2, 2, -2, 2, -2, -2, 2, -2, -2, 0, -2, 0, -2, 2, -2, 2, -2, 2, -2, 0, -2, 0, -2, -2, -2]
50: 准确率为0.14705882352941177, kendall系数为0.6748237572099298, spearman系数为0.7365913305500742
human_scores is [1, -1, 1, -1, 1, -1, 1, -1, 1, -1, 1, -1, -1, 1, 0, 0, 1, -1, -1, 1, -1, 1, 1, -1, 1, -1, -1, 1, -1, 1, 1, -1, -1, 1, -1, 1, -1, 1, -1, 1, 0, 0]
model_scores is [2, -2, 2, -2, 2, -2, 2, -2, 2, -2, 2, -2, 0, -2, 0, 2, 2, -2, 2, -2, 2, -2, 0, 0, 0, -2, 2, -2, 2, -2, 0, -2, 2, -2, 2, -2, 0, -2, 2, -2, -2, -2]
51: 准确率为0.5, kendall系数为0.0, spearman系数为0.0
human_scores is [1, -1, 1, -1, -1, 1, 0, 0, -1, 1, -1, 1, 0, 0, -1, 1, -1, 1, -1, 1, -1, 1, -1, 1, -1, 1, -1, 1, -1, 1, 1, -1, 1, -1, 1, -1, -1, 1, -1, 1, 0, 0]
model_scores is [0, -2, 0, -2, 0, -2, 2, -2, 2, -2, 2, -2, 0, -2, -2, -2, 0, -2, 2, -2, 2, -2, 0, 0, 0, -2, 0, -2, 2, -2, 0, -2, 0, -2, 2, -2, -2, -2, 0, -2, 0, -2]
52: 准确率为0.375, kendall系数为0.27265201732253025, spearman系数为0.2982915226960285
human_scores is [-1, 1, -1, 1, 1, -1, 1, -1, 1, -1, 1, -1, 0, 0, 1, -1, 1, -1, 1, -1, 1, -1, 1, -1, 1, -1, 1, -1, 1, -1, 0, 0, 0, 0, 1, -1, 0, 0, 1, -1, 1, -1]
model_scores is [-2, -2, 0, -2, -2, 0, 0, -2, 2, -2, 2, -2, 0, -2, -2, 0, 0, -2, 2, -2, 2, -2, -2, 2, -2, -2, -2, -2, 0, -2, 2, -2, 2, -2, 2, -2, -2, -2, 0, -2, -2, -2]
53: 准确率为0.6323529411764706, kendall系数为0.2659359417861562, spearman系数为0.2950784479657873
human_scores is [-1, 1, -1, 1, 1, -1, 0, 0, -1, 1, -1, 1, 0, 0, 1, -1, 1, -1, 0, 0, 0, 0, 1, -1, 1, -1, 0, 0, 0, 0, -1, 1, -1, 1, -1, 1, -1, 1, -1, 1, 0, 0]
model_scores is [-2, 2, 0, -2, -2, 0, 2, -2, 2, -2, 2, -2, 2, -2, 2, -2, 2, -2, 2, -2, 2, -2, -2, 0, -2, -2, 2, -2, 0, -2, 2, -2, 2, -2, 2, -2, 0, -2, 0, -2, -2, -2]
54: 准确率为0.3392857142857143, kendall系数为0.28712090181334265, spearman系数为0.32337837704684486
human_scores is [1, -1, -1, 1, 1, -1, -1, 1, -1, 1, -1, 1, -1, 1, 0, 0, -1, 1, -1, 1, -1, 1, 1, -1, 0, 0, 0, 0, 0, 0, -1, 1, -1, 1, -1, 1, 0, 0, 0, 0, 0, 0]
model_scores is [0, -2, 0, -2, 0, 0, 0, -2, 2, -2, 2, -2, -2, -2, -2, 0, 0, -2, 0, -2, 0, -2, -2, 2, 0, -2, 2, -2, 0, -2, 2, -2, 2, -2, 2, -2, 0, -2, -2, -2, -2, -2]
55: 准确率为0.21428571428571427, kendall系数为0.5636987468275741, spearman系数为0.62082259510558
human_scores is [1, -1, 0, 0, 1, -1, 0, 0, 1, -1, 1, -1, -1, 1, 0, 0, -1, 1, 1, -1, 1, -1, 1, -1, 0, 0, 1, -1, 1, -1, -1, 1, 1, -1, 1, -1, 1, -1, 1, -1, 0, 0]
model_scores is [-2, 0, -2, -2, -2, 0, 0, -2, 2, -2, 2, -2, 2, -2, -2, -2, 2, -2, 2, -2, 2, -2, -2, 0, 0, 0, 0, -2, 2, -2, 2, -2, 2, -2, 2, -2, -2, -2, 2, -2, -2, -2]
56: 准确率为0.625, kendall系数为0.21054004840951973, spearman系数为0.2314861323990868
human_scores is [1, -1, 1, -1, 0, 0, 1, -1, 1, -1, 1, -1, 0, 0, -1, 1, 0, 0, 0, 0, 0, 0, -1, 1, 0, 0, 0, 0, 0, 0, 1, -1, 1, -1, 1, -1, 0, 0, 0, 0, 0, 0]
model_scores is [-2, -2, 2, -2, -2, 0, 0, -2, 2, -2, 2, -2, 0, -2, -2, 0, -2, -2, 2, -2, 2, -2, -2, 2, -2, -2, 2, -2, 2, -2, 2, -2, 2, -2, 2, -2, 2, -2, 2, -2, -2, -2]
57: 准确率为0.9, kendall系数为0.571402226717371, spearman系数为0.6208023336983803
human_scores is [-1, 1, 0, 0, 0, 0, -1, 1, 0, 0, -1, 1, 1, -1, 1, -1, 0, 0, 1, -1, 0, 0, 0, 0, -1, 1, 0, 0, -1, 1, -1, 1, 0, 0, -1, 1, 1, -1, 0, 0, -1, 1]
model_scores is [-2, 0, -2, 0, -2, 2, -2, 2, 0, 0, 2, -2, 0, -2, 0, -2, -1, 0, 2, -2, 2, -2, 0, 0, -1, 2, 0, -2, 2, -2, -2, 0, 0, -2, 2, -2, 1, -1, 1, -1, 0, -2]
58: 准确率为0.6041666666666666, kendall系数为0.15117190962231064, spearman系数为0.1641357471261551
human_scores is [-1, 1, 0, 0, -1, 1, -1, 1, -1, 1, 0, 0, 1, -1, -1, 1, 0, 0, 0, 0, 1, -1, -1, 1, -1, 1, -1, 1, 0, 0, 1, -1, 1, -1, 1, -1, 0, 0, 1, -1, 1, -1]
model_scores is [-2, 2, 0, 0, 0, -2, 0, -2, 2, -2, 2, -2, 2, 0, 0, -2, 2, -2, 2, -2, 2, -2, 0, -2, 0, -2, 2, -2, 2, -2, 0, -2, 2, -2, 2, -2, -2, -2, 0, -2, 0, -2]
59: 准确率为0.55, kendall系数为0.07331450838492354, spearman系数为0.08287246824945246
human_scores is [-1, 1, -1, 1, -1, 1, -1, 1, -1, 1, -1, 1, -1, 1, 0, 0, 0, 0, -1, 1, -1, 1, 1, -1, 1, -1, 0, 0, 0, 0, 0, 0, -1, 1, -1, 1, -1, 1, -1, 1, 0, 0]
model_scores is [-2, 2, -2, 2, -2, 0, -2, 0, 2, -2, 2, -2, 0, -2, 0, -2, 0, -2, 2, -2, 2, -2, 2, -2, 0, 0, 2, -2, 2, -2, -2, -2, 2, -2, 2, -2, 2, -2, 2, -2, -2, -2]
60: 准确率为0.35, kendall系数为0.2476018543061235, spearman系数为0.27678662799785625
human_scores is [-1, 1, 0, 0, 0, 0, 0, 0, 1, -1, 1, -1, 1, -1, 1, -1, 1, -1, 1, -1, 1, -1, 0, 0, 0, 0, 1, -1, 1, -1, 0, 0, 1, -1, 1, -1, 1, -1, 1, -1, 0, 0]
model_scores is [2, -2, 2, -2, 2, -2, 2, -2, 2, -2, 2, -2, 0, 0, -2, 2, 0, -2, 2, -2, 2, -2, -2, 2, -2, -2, 2, -2, 0, -2, 0, -2, 2, -2, 2, -2, 2, -2, 2, -2, -2, -2]
61: 准确率为0.7857142857142857, kendall系数为0.4615741079784116, spearman系数为0.5120613729884825
human_scores is [-1, 1, 1, -1, 0, 0, -1, 1, -1, 1, -1, 1, 1, -1, 1, -1, -1, 1, 0, 0, 0, 0, -1, 1, -1, 1, -1, 1, -1, 1, -1, 1, -1, 1, -1, 1, 1, -1, 1, -1, 0, 0]
model_scores is [-2, 0, 0, -2, -2, -2, 0, -2, 2, -2, 0, -2, 0, -2, 0, -2, 2, -2, 2, -2, 2, -2, -2, -2, 2, -2, 0, -2, 2, -2, 2, -2, 2, -2, 2, -2, 2, -2, 0, -2, -2, -2]
62: 准确率为0.35294117647058826, kendall系数为0.2537596094612761, spearman系数为0.2892156862745098
human_scores is [0, 0, 1, -1, 0, 0, 1, -1, 0, 0, 1, -1, 1, -1, 0, 0, 1, -1, 0, 0, 1, -1, -1, 1, 0, 0, -1, 1, 0, 0, 1, -1, 0, 0, 1, -1, -1, 1, 0, 0, 1, -1]
model_scores is [-2, -2, 0, -2, -2, -2, 0, -2, 2, -2, 2, -2, 2, -2, -2, 0, -2, -2, 2, -2, 2, -2, -2, 0, -2, 0, -2, -2, 0, -2, -2, -2, 2, -2, 2, -2, 2, -2, 2, -2, -2, -2]
63: 准确率为0.6875, kendall系数为0.33840102030676905, spearman系数为0.3715752707301467
human_scores is [0, 0, -1, 1, 0, 0, -1, 1, -1, 1, 0, 0, -1, 1, 0, 0, -1, 1, -1, 1, 0, 0, 1, -1, 0, 0, -1, 1, 1, -1, -1, 1, -1, 1, 0, 0, -1, 1, 1, -1, 1, -1]
model_scores is [0, 0, 0, -2, 0, 0, 0, 0, 2, -2, 0, -2, 0, -2, -2, -2, 0, -2, 2, -2, 0, -2, -2, -2, -2, 2, 0, -2, 0, -2, 0, 0, 2, -2, 2, -2, 2, -2, 0, -2, -2, -2]
64: 准确率为0.32142857142857145, kendall系数为0.3633784010106377, spearman系数为0.40035504278597556
human_scores is [-1, 1, 1, -1, -1, 1, 0, 0, 1, -1, 1, -1, 1, -1, 0, 0, 1, -1, 1, -1, 1, -1, -1, 1, -1, 1, 0, 0, 0, 0, 1, -1, 1, -1, 1, -1, 1, -1, 1, -1, 0, 0]
model_scores is [0, 0, 2, -2, 0, 0, 2, -2, 2, -2, 2, -2, 0, -2, 0, 0, -2, -2, 2, -2, 2, -2, -2, 0, -2, -2, 2, -2, 2, -2, 0, -2, 2, -2, 2, -2, 2, -2, 2, -2, 0, -2]
65: 准确率为0.828125, kendall系数为0.6127368346781745, spearman系数为0.6787537669408278
human_scores is [0, 0, -1, 1, 1, -1, 0, 0, 1, -1, 1, -1, -1, 1, 1, -1, 0, 0, 1, -1, 1, -1, 1, -1, 1, -1, 1, -1, 1, -1, -1, 1, 0, 0, 0, 0, 1, -1, 1, -1, 0, 0]
model_scores is [-2, 0, 2, -2, -2, 0, 2, -2, 0, -2, 2, -2, 2, -2, 2, -2, 2, -2, 2, -2, 2, -2, 0, 2, 0, -2, 2, -2, 2, -2, 2, -2, 2, -2, 2, -2, -2, -2, 0, -2, -2, -2]
66: 准确率为0.6166666666666667, kendall系数为0.20770849732347765, spearman系数为0.2314550249431379
human_scores is [-1, 1, -1, 1, 0, 0, 1, -1, 0, 0, 1, -1, 1, -1, 1, -1, 1, -1, 1, -1, 1, -1, 1, -1, 1, -1, 1, -1, 1, -1, 1, -1, 0, 0, 1, -1, -1, 1, 0, 0, 1, -1]
model_scores is [-2, 2, -2, -2, 0, -2, 2, -2, 1, -2, 1, -2, 2, -1, 2, -1, 2, -2, 1, -2, 1, -2, 0, 0, 0, 0, 1, -2, 1, -2, 2, -2, 1, -1, 1, -1, 1, -1, 1, -2, -1, -1]
67: 准确率为0.8235294117647058, kendall系数为0.5687099134342254, spearman系数为0.6550167689641685
human_scores is [0, 0, -1, 1, 1, -1, 1, -1, 0, 0, 1, -1, -1, 1, 1, -1, 1, -1, 0, 0, 1, -1, 1, -1, 1, -1, 1, -1, 1, -1, 0, 0, -1, 1, 1, -1, -1, 1, 1, -1, 1, -1]
model_scores is [-2, 2, 0, 2, 0, 0, 2, -2, 2, -2, 2, -2, 0, -2, 2, -2, 2, -2, 2, -2, 2, -2, 2, 0, 2, -2, 2, -2, 2, -2, 2, -2, 2, -2, 2, -2, -2, -2, 0, -2, 0, -2]
68: 准确率为0.7794117647058824, kendall系数为0.4865149176995601, spearman系数为0.5500395370455775
human_scores is [1, -1, 0, 0, 1, -1, 1, -1, 0, 0, 1, -1, -1, 1, 0, 0, 0, 0, -1, 1, 1, -1, 1, -1, 1, -1, 0, 0, 1, -1, 0, 0, -1, 1, 1, -1, -1, 1, 1, -1, 1, -1]
model_scores is [0, -2, 2, -2, 2, -2, 2, -2, 2, -2, 2, -2, 2, -2, 2, -2, 2, -2, 2, -2, 2, -2, -2, 0, -2, 0, 0, -2, 0, -2, 0, -2, 2, -2, 2, -2, 2, 0, 2, -2, 2, -2]
69: 准确率为0.6166666666666667, kendall系数为0.19835439992175918, spearman系数为0.2203237811553001
human_scores is [0, 0, 1, -1, 0, 0, 0, 0, -1, 1, -1, 1, 1, -1, 0, 0, 0, 0, -1, 1, -1, 1, -1, 1, -1, 1, -1, 1, -1, 1, 0, 0, -1, 1, -1, 1, -1, 1, -1, 1, 0, 0]
model_scores is [0, -2, 2, -2, 0, -2, 2, -2, 2, -2, 2, -2, 2, -2, -2, -2, 0, -2, 2, -2, 2, -2, -2, 2, -2, 2, -2, -2, -2, -2, -2, -2, 0, -2, 0, -2, 2, -2, -2, -2, -2, -2]
70: 准确率为0.42857142857142855, kendall系数为0.14886628953921086, spearman系数为0.15740643479313585
human_scores is [-1, 1, -1, 1, 0, 0, 0, 0, -1, 1, -1, 1, 1, -1, 1, -1, 1, -1, 1, -1, 1, -1, 1, -1, 1, -1, 0, 0, 0, 0, 0, 0, -1, 1, -1, 1, -1, 1, -1, 1, 0, 0]
model_scores is [-2, 0, 2, 0, 0, 2, 0, -2, 2, -2, 2, -2, 2, -2, -2, 0, 0, -2, 2, -2, 2, -2, 0, 2, 2, 0, 2, -2, 2, -2, 2, -2, 2, -2, 2, -2, 2, -2, 2, -2, -2, -2]
71: 准确率为0.4, kendall系数为0.1642312910864339, spearman系数为0.18551085825882432
human_scores is [1, -1, -1, 1, -1, 1, 1, -1, -1, 1, -1, 1, -1, 1, -1, 1, 0, 0, -1, 1, -1, 1, 1, -1, 1, -1, 1, -1, 1, -1, 1, -1, 0, 0, 0, 0, -1, 1, -1, 1, 0, 0]
model_scores is [0, 0, 2, -2, -2, 2, 2, -2, 2, -2, 2, -2, 0, -2, -2, 2, 2, -2, 2, -2, 2, -2, -2, 2, 2, -2, 2, -2, 2, -2, 2, -2, 2, -2, 2, -2, 2, -2, 2, -2, -2, -2]
72: 准确率为0.45588235294117646, kendall系数为0.07780362404391251, spearman系数为0.08440381180688974
human_scores is [1, -1, 1, -1, 0, 0, 0, 0, 0, 0, 1, -1, 1, -1, -1, 1, -1, 1, -1, 1, 0, 0, -1, 1, -1, 1, -1, 1, -1, 1, 0, 0, 0, 0, 1, -1, 0, 0, 1, -1, 1, -1]
model_scores is [-2, 2, 2, -2, 0, -2, 0, -2, 2, -2, 2, -2, 2, -2, 2, -2, 2, -2, 2, -2, 2, -2, -2, 2, -2, 0, -2, -2, 0, -2, 0, -2, 2, -2, 2, -2, -2, -2, 2, -2, -2, -2]
73: 准确率为0.5714285714285714, kendall系数为0.11838948096998185, spearman系数为0.12782409435478037
human_scores is [-1, 1, -1, 1, 0, 0, 0, 0, -1, 1, -1, 1, 0, 0, 1, -1, 1, -1, 1, -1, 1, -1, 1, -1, 1, -1, 1, -1, 1, -1, 0, 0, -1, 1, -1, 1, -1, 1, -1, 1, 0, 0]
model_scores is [0, -2, 0, -2, 0, -2, 0, -2, 2, -2, 2, -2, 0, 0, 0, 0, -2, -2, 2, -2, 0, -2, -2, -2, -2, -2, 0, -2, 2, -2, 0, -2, 0, -2, 2, -2, 0, -2, 0, -2, -2, -2]
74: 准确率为0.421875, kendall系数为0.19615105299391133, spearman系数为0.21041892804454346
human_scores is [-1, 1, -1, 1, -1, 1, -1, 1, 0, 0, -1, 1, -1, 1, 1, -1, 1, -1, 1, -1, 0, 0, 1, -1, 1, -1, 1, -1, 1, -1, 0, 0, 1, -1, -1, 1, 1, -1, -1, 1, -1, 1]
model_scores is [0, -2, 2, -2, 2, -2, 2, -2, 2, -2, 2, -2, 0, -2, 0, -2, 0, -2, 2, -2, 2, -2, -2, -2, 0, -2, 0, -2, 0, -2, 0, -2, 2, -2, 0, -2, 2, -2, 0, -2, -2, -2]
75: 准确率为0.4861111111111111, kendall系数为0.020620087205089403, spearman系数为0.022355973749527493
human_scores is [-1, 1, -1, 1, -1, 1, -1, 1, -1, 1, 0, 0, 1, -1, -1, 1, 1, -1, 0, 0, 1, -1, -1, 1, 0, 0, -1, 1, 1, -1, 1, -1, 1, -1, 1, -1, -1, 1, 1, -1, 1, -1]
model_scores is [-2, 2, 2, -2, -2, 2, 2, -2, 2, -2, 2, -2, 0, -2, -2, -2, 2, -2, 2, -2, 2, -2, -2, 2, -2, 0, 2, -2, 2, -2, 2, -2, 2, -2, 2, -2, 2, -2, 2, -2, 0, -2]
76: 准确率为0.6666666666666666, kendall系数为0.3087873485302721, spearman系数为0.32821931726807335
human_scores is [0, 0, 1, -1, 0, 0, 1, -1, -1, 1, -1, 1, 1, -1, 0, 0, 1, -1, -1, 1, -1, 1, -1, 1, 0, 0, -1, 1, -1, 1, 1, -1, -1, 1, -1, 1, -1, 1, -1, 1, 0, 0]
model_scores is [-2, -2, 2, -2, 0, -2, 2, -2, 2, -2, 2, -2, 2, -2, -2, 0, 2, -2, 2, -2, 2, -2, -2, 0, 0, -2, 2, -2, 2, -2, 2, -2, 2, -2, 2, -2, 2, -2, 2, -2, -2, 0]
77: 准确率为0.359375, kendall系数为0.2460310624919044, spearman系数为0.26013009758132116
human_scores is [-1, 1, 0, 0, 0, 0, 1, -1, -1, 1, 1, -1, 1, -1, 1, -1, 1, -1, 0, 0, 1, -1, 0, 0, 1, -1, -1, 1, 1, -1, 1, -1, -1, 1, 1, -1, -1, 1, 0, 0, 1, -1]
model_scores is [-2, 2, 2, -2, -2, 0, -2, 0, 2, -2, 2, -2, 2, -2, 2, 0, 2, -2, 2, -2, 2, -2, -2, 0, -2, 0, 2, -2, 2, -2, 0, -2, 2, -2, 2, -2, 2, -2, 2, -2, -2, -2]
78: 准确率为0.59375, kendall系数为0.1555034214493174, spearman系数为0.17075023788849333
human_scores is [0, 0, 1, -1, 0, 0, 1, -1, 1, -1, 0, 0, 1, -1, 0, 0, 1, -1, 1, -1, 0, 0, -1, 1, 0, 0, 0, 0, -1, 1, 1, -1, 1, -1, 0, 0, 0, 0, -1, 1, -1, 1]
model_scores is [2, -2, 2, -2, -2, -2, 0, -2, 2, -2, 2, -2, -2, -2, -2, 2, -2, -2, 2, -2, 2, -2, -2, 2, -2, 0, 0, -2, 2, -2, -2, -2, 2, -2, 2, -2, 2, -2, 2, -2, -2, -2]
79: 准确率为0.6458333333333334, kendall系数为0.23049688854476025, spearman系数为0.2488553222491535
human_scores is [0, 0, 0, 0, -1, 1, 0, 0, -1, 1, -1, 1, 0, 0, -1, 1, 0, 0, -1, 1, -1, 1, -1, 1, 0, 0, -1, 1, -1, 1, 1, -1, 0, 0, 0, 0, -1, 1, -1, 1, 0, 0]
model_scores is [-2, 2, 0, 0, 0, 2, 0, -2, 2, -2, 2, -2, 2, -2, 2, -2, 2, -2, 2, -2, 2, -2, 0, 0, 0, -2, 2, -2, 2, -2, 2, -2, 2, -2, 2, -2, 0, -2, 0, -2, -2, -2]
80: 准确率为0.22916666666666666, kendall系数为0.42847391449377437, spearman系数为0.47467261147640194
human_scores is [-1, 1, 0, 0, 0, 0, -1, 1, 0, 0, 1, -1, 1, -1, 1, -1, 0, 0, 1, -1, 1, -1, 0, 0, -1, 1, 0, 0, 1, -1, -1, 1, 0, 0, 1, -1, 1, -1, 1, -1, 1, -1]
model_scores is [-2, 2, 2, -2, -2, 0, 2, -2, 2, -2, 2, -2, 2, -2, 2, -2, 2, -2, 2, -2, 2, -2, -2, 2, -2, 2, 0, -2, 0, -2, 0, -2, 2, -2, 2, -2, 2, -2, 2, -2, -2, -2]
81: 准确率为0.8214285714285714, kendall系数为0.5125075552312338, spearman系数为0.556580331760581
human_scores is [-1, 1, -1, 1, -1, 1, 0, 0, -1, 1, 0, 0, -1, 1, 0, 0, 1, -1, 0, 0, 1, -1, 1, -1, 1, -1, 1, -1, 1, -1, 1, -1, 0, 0, 1, -1, -1, 1, 0, 0, 1, -1]
model_scores is [-2, 2, 2, -2, 0, 0, 2, -2, 2, -2, 2, -2, 2, -2, 2, -2, 2, -2, 2, -2, 2, -2, -2, 2, 0, -2, -2, -2, 0, -2, 2, -2, 0, -2, 2, -2, -2, -2, 0, -2, 0, -2]
82: 准确率为0.5833333333333334, kendall系数为0.15609682119299087, spearman系数为0.1742730620727243
human_scores is [-1, 1, -1, 1, 0, 0, 1, -1, 1, -1, 1, -1, -1, 1, 1, -1, 1, -1, 1, -1, 1, -1, 1, -1, 1, -1, 1, -1, 1, -1, 1, -1, 1, -1, 1, -1, 0, 0, 0, 0, 0, 0]
model_scores is [2, -2, 2, -2, 2, -2, 2, -2, 2, -2, 2, -2, 2, -2, 2, -2, 2, -2, 2, -2, 2, -2, -2, 0, -2, -2, -2, -2, -2, -2, 0, 0, 2, -2, 2, -2, 0, -2, 2, -2, 0, -2]
83: 准确率为0.6617647058823529, kendall系数为0.2887588546553286, spearman系数为0.31048282402684224
human_scores is [1, -1, 1, -1, 1, -1, 1, -1, 1, -1, 1, -1, 0, 0, 1, -1, 1, -1, 1, -1, 0, 0, 1, -1, 1, -1, 1, -1, 0, 0, 1, -1, 0, 0, -1, 1, -1, 1, -1, 1, -1, 1]
model_scores is [0, -2, 2, -2, -2, 0, 0, -2, 2, -2, 2, -2, 0, -2, -2, 2, 0, -2, 2, -2, 2, -2, -2, 2, -2, -2, 2, -2, 0, -2, 0, -2, 2, -2, 2, -2, 2, -2, 2, -2, -2, -2]
84: 准确率为0.5441176470588235, kendall系数为0.09988343458235241, spearman系数为0.10927771388880839
human_scores is [1, -1, 1, -1, 1, -1, 1, -1, 1, -1, 1, -1, -1, 1, 1, -1, -1, 1, 1, -1, 0, 0, 1, -1, 0, 0, 1, -1, 1, -1, -1, 1, 0, 0, -1, 1, 1, -1, 1, -1, -1, 1]
model_scores is [2, -2, 2, 0, 2, -2, 2, -2, 2, -2, 2, -2, 0, 0, 0, -2, 2, -2, 2, -2, 2, -2, 2, 0, 2, -2, 2, -2, 2, -2, 0, -2, 2, -2, 2, -2, 2, -2, 2, -2, 0, -2]
85: 准确率为0.7361111111111112, kendall系数为0.4271527844267556, spearman系数为0.477295345211795
human_scores is [1, -1, 1, -1, 1, -1, 1, -1, 1, -1, 1, -1, 0, 0, 0, 0, 0, 0, -1, 1, -1, 1, 0, 0, 0, 0, -1, 1, -1, 1, 0, 0, -1, 1, -1, 1, -1, 1, -1, 1, 0, 0]
model_scores is [0, 0, 0, -2, 0, -2, 2, -2, 2, -2, 2, -2, 2, -2, 0, -2, 2, -2, 2, -2, 2, -2, 2, 0, 2, -2, 2, -2, 2, -2, 2, -2, 2, -2, 2, -2, 0, -2, 2, -2, -2, -2]
86: 准确率为0.375, kendall系数为0.19784774673179917, spearman系数为0.22150342417423213
human_scores is [1, -1, -1, 1, 0, 0, 0, 0, -1, 1, -1, 1, -1, 1, -1, 1, -1, 1, -1, 1, -1, 1, 1, -1, 1, -1, 1, -1, 1, -1, 0, 0, -1, 1, -1, 1, -1, 1, -1, 1, 0, 0]
model_scores is [0, -2, 0, -2, 2, -2, 2, -2, 2, -2, 2, -2, 0, -2, -2, -2, 0, -2, 2, -2, 2, -2, 0, 0, -2, 0, 2, -2, 0, -2, 2, -2, 2, -2, 2, -2, 2, -2, 2, -2, -2, -2]
87: 准确率为0.2647058823529412, kendall系数为0.4340233868313997, spearman系数为0.49229940908877595
human_scores is [1, -1, 0, 0, 0, 0, 1, -1, -1, 1, -1, 1, -1, 1, -1, 1, 0, 0, -1, 1, -1, 1, 0, 0, 1, -1, -1, 1, -1, 1, 1, -1, -1, 1, -1, 1, -1, 1, -1, 1, 0, 0]
model_scores is [0, -2, 2, -2, 0, -2, 2, -2, 2, -2, 2, -2, 2, -2, 0, -2, 2, -2, 2, -2, 2, -2, -2, 2, -2, -2, 0, -2, 0, -2, -2, -2, 2, -2, 2, -2, 0, -2, 2, -2, -2, -2]
88: 准确率为0.234375, kendall系数为0.4862669818128832, spearman系数为0.5401152997620389
human_scores is [-1, 1, -1, 1, 0, 0, -1, 1, 0, 0, -1, 1, 1, -1, 1, -1, 0, 0, 1, -1, 0, 0, 1, -1, -1, 1, 1, -1, -1, 1, -1, 1, 0, 0, -1, 1, 1, -1, 0, 0, -1, 1]
model_scores is [2, -2, 0, -2, 2, -2, 2, -2, 2, -2, 2, -2, -2, -2, -2, -2, 2, -2, 2, -2, 2, -2, -2, -2, -2, 0, 2, -2, 2, -2, 0, -2, 2, -2, 2, -2, 0, -2, 2, -2, -2, -2]
89: 准确率为0.4, kendall系数为0.16469565055986318, spearman系数为0.18407855694668931
human_scores is [0, 0, -1, 1, 0, 0, 0, 0, -1, 1, 0, 0, -1, 1, 0, 0, 0, 0, -1, 1, 0, 0, 1, -1, 1, -1, 0, 0, 1, -1, 0, 0, -1, 1, 0, 0, -1, 1, 0, 0, 1, -1]
model_scores is [-2, 2, 0, 0, -2, 0, 0, 2, 2, -2, 2, -2, 2, -2, 0, -2, 0, 0, 2, -2, 2, -2, -2, 2, -2, 2, 2, -2, 2, -2, -2, -2, 2, -2, 2, -2, 2, -2, 2, -2, -2, -2]
90: 准确率为0.2, kendall系数为0.4202809603430916, spearman系数为0.45593726309525084
human_scores is [-1, 1, 0, 0, -1, 1, 0, 0, -1, 1, -1, 1, 1, -1, -1, 1, 1, -1, -1, 1, 0, 0, -1, 1, 0, 0, -1, 1, -1, 1, 1, -1, 0, 0, 1, -1, -1, 1, -1, 1, 1, -1]
model_scores is [0, -2, 2, -2, 0, -2, 2, -2, 2, -2, 2, -2, 2, -2, 0, 0, 2, -2, 2, -2, 2, -2, -2, 0, 0, -2, 0, -2, 0, -2, 0, -2, 2, -2, 2, -2, -2, -2, 0, -2, -2, -2]
91: 准确率为0.453125, kendall系数为0.10220372719158462, spearman系数为0.11858541225631422
human_scores is [0, 0, 1, -1, 1, -1, 1, -1, 1, -1, 1, -1, 1, -1, 1, -1, 1, -1, 1, -1, 1, -1, 0, 0, 1, -1, 1, -1, 1, -1, 1, -1, 1, -1, 1, -1, 0, 0, 1, -1, 1, -1]
model_scores is [-2, 0, 2, -2, 0, -2, 2, -2, 2, -2, 0, -2, 2, -2, 2, -2, 0, -2, 2, -2, 2, -2, -2, 2, -2, 2, 0, -2, 0, -2, -2, -2, 2, -2, 2, -2, -2, -2, -2, -2, -2, -2]
92: 准确率为0.7916666666666666, kendall系数为0.6020382266942412, spearman系数为0.6522002437983564
human_scores is [0, 0, 1, -1, 1, -1, 0, 0, 1, -1, 1, -1, 1, -1, 1, -1, 0, 0, 1, -1, 1, -1, 1, -1, -1, 1, 0, 0, 1, -1, -1, 1, -1, 1, 0, 0, 1, -1, 1, -1, 1, -1]
model_scores is [0, -2, 2, -2, 0, 0, 2, -2, 2, -2, 2, -2, 0, -2, -2, -2, 2, -2, 2, -2, 2, -2, -2, 2, 0, -2, 0, -2, 2, -2, 2, -2, 2, -2, 2, -2, 0, -2, -2, -2, -2, -2]
93: 准确率为0.609375, kendall系数为0.2007994790717316, spearman系数为0.2215270821373783
human_scores is [-1, 1, -1, 1, -1, 1, -1, 1, -1, 1, -1, 1, 0, 0, 0, 0, 1, -1, 1, -1, 1, -1, 0, 0, 1, -1, 1, -1, 1, -1, 1, -1, 1, -1, 1, -1, 0, 0, 0, 0, 0, 0]
model_scores is [-2, 2, 0, -2, 0, -2, -2, 0, 0, -2, 2, -2, 2, -2, 2, -2, 0, -2, 2, -2, 2, -2, 0, -2, -2, -2, 2, -2, 0, -2, -2, 0, 2, -2, 0, -2, 2, -2, 2, -2, -2, -2]
94: 准确率为0.6333333333333333, kendall系数为0.23052961713693312, spearman系数为0.2629424955781421
human_scores is [-1, 1, 0, 0, 0, 0, 0, 0, 1, -1, -1, 1, 1, -1, 1, -1, 1, -1, 1, -1, 1, -1, 0, 0, 0, 0, 1, -1, -1, 1, 0, 0, 1, -1, -1, 1, 1, -1, -1, 1, -1, 1]
model_scores is [0, -2, 0, 0, 2, -2, 2, -2, 2, -2, 2, -2, 0, -2, 0, 0, -2, -2, 2, -2, 2, -2, 0, 0, -2, 0, 2, -2, 2, -2, 0, -2, 2, -2, 2, -2, 2, -2, 2, -2, 0, -2]
95: 准确率为0.55, kendall系数为0.08839671170348581, spearman系数为0.09487407892793084
human_scores is [1, -1, -1, 1, 0, 0, 0, 0, 0, 0, -1, 1, -1, 1, -1, 1, -1, 1, -1, 1, -1, 1, 1, -1, 1, -1, 1, -1, 0, 0, 0, 0, 0, 0, -1, 1, 0, 0, -1, 1, -1, 1]
model_scores is [-2, 2, 0, -2, -2, 0, 2, -2, 2, -2, 2, -2, 2, -2, 2, -2, 2, -2, 2, -2, 2, -2, -2, 2, -2, -2, -2, -2, 2, -2, 2, -2, 2, -2, 2, -2, 0, -2, 2, -2, 2, -2]
96: 准确率为0.08928571428571429, kendall系数为0.6610208724923426, spearman系数为0.7093538491074902
human_scores is [-1, 1, -1, 1, -1, 1, -1, 1, -1, 1, 0, 0, 0, 0, 1, -1, 1, -1, 1, -1, 1, -1, 1, -1, 1, -1, 1, -1, 1, -1, 0, 0, 0, 0, 1, -1, 0, 0, 1, -1, 1, -1]
model_scores is [-2, 2, 2, -2, -2, 0, 2, -2, 2, -2, 2, -2, 2, -2, 0, -2, 2, -2, 2, -2, 2, -2, -2, 2, -2, 2, -2, -2, 2, -2, 2, -2, 2, -2, 2, -2, 2, -2, 2, -2, -2, -2]
97: 准确率为0.59375, kendall系数为0.16127148715443199, spearman系数为0.1769812657346891
human_scores is [1, -1, 1, -1, 1, -1, 1, -1, 1, -1, 1, -1, 1, -1, 1, -1, 1, -1, 1, -1, 1, -1, 0, 0, 0, 0, 0, 0, -1, 1, 0, 0, 0, 0, -1, 1, 0, 0, -1, 1, -1, 1]
model_scores is [2, -2, 2, -2, 2, -2, 2, -2, 2, -2, 2, -2, 2, -2, 0, 0, 2, -2, 2, -2, 2, -2, -2, 0, -2, -2, 0, -2, 0, -2, 2, -2, 2, -2, 2, -2, 2, -2, 2, -2, -2, -2]
98: 准确率为0.75, kendall系数为0.41174363243796164, spearman系数为0.45078251023992155
human_scores is [-1, 1, 0, 0, 0, 0, -1, 1, 0, 0, -1, 1, 1, -1, 1, -1, 1, -1, 1, -1, 0, 0, 0, 0, -1, 1, 0, 0, -1, 1, -1, 1, 0, 0, -1, 1, 1, -1, -1, 1, -1, 1]
model_scores is [2, 0, 2, -2, 2, -2, 2, -2, 2, -2, 2, -2, 0, -2, 0, -2, 0, -2, 2, -2, 2, -2, -2, 0, -2, -2, -2, -2, -2, -2, -2, -2, 0, -2, 2, -2, 2, -2, 0, -2, 0, -2]
99: 准确率为0.4642857142857143, kendall系数为0.04374088826398532, spearman系数为0.04861527926641233
平均准确率为0.5577356326701334, 平均kendall系数为0.30353404066265577, 平均spearman系数为0.333575309519665
