human_scores is [0, 0, 1, -1, 0, 0, 0, 0, 1, -1, 1, -1, 1, -1, 0, 0, 0, 0, 1, -1, 1, -1, -1, 1, -1, 1, 1, -1, 1, -1, 0, 0, 1, -1, 1, -1, 1, -1, 1, -1, 0, 0]
model_scores is [4, -4, 4, -4, 0, -2, 4, -4, 4, -4, 4, -4, 2, -2, 0, 4, 0, 0, 4, -2, 2, -4, -2, 4, -2, 2, 2, 0, 2, 0, 2, -2, 4, -4, 4, -4, 4, -4, 4, -4, 2, 2]
0: 准确率为0.9642857142857143, kendall系数为0.7085927826799233, spearman系数为0.799320482663405
human_scores is [1, -1, 1, -1, 0, 0, 1, -1, 1, -1, 0, 0, 0, 0, -1, 1, 1, -1, 1, -1, -1, 1, -1, 1, 1, -1, 1, -1, -1, 1, 1, -1, 1, -1, 0, 0, 0, 0, -1, 1, -1, 1]
model_scores is [-4, -2, 2, -4, 2, -4, 4, -4, 4, -2, 2, -4, 4, -4, 2, -2, 2, -4, 4, -4, 4, -4, -1, 0, 2, -4, 4, -2, 2, 0, 4, -4, 4, -3, -2, -1, -2, 0, -4, 0, -4, 2]
1: 准确率为0.765625, kendall系数为0.4268380270543354, spearman系数为0.4944339192810073
human_scores is [-1, 1, 0, 0, -1, 1, 1, -1, 1, -1, 0, 0, 1, -1, 0, 0, 1, -1, 1, -1, 1, -1, -1, 1, 1, -1, 1, -1, 0, 0, 1, -1, 1, -1, 1, -1, 0, 0, -1, 1, -1, 1]
model_scores is [-4, 0, -2, 0, -2, -1, 2, -2, 2, -2, 3, -3, -1, -1, 0, -2, 2, -3, 2, -4, 3, -3, -3, 1, 3, -3, 4, -4, 3, -3, 1, -4, 3, -4, 3, -3, 1, 0, -1, -1, -1, 2]
2: 准确率为0.890625, kendall系数为0.6482541654590578, spearman系数为0.7702869810618065
human_scores is [0, 0, -1, 1, 0, 0, -1, 1, 1, -1, 1, -1, -1, 1, 0, 0, -1, 1, 1, -1, 1, -1, 1, -1, 0, 0, 1, -1, 1, -1, -1, 1, 1, -1, 1, -1, 1, -1, 1, -1, 0, 0]
model_scores is [4, -2, 2, -4, 4, -3, 2, -2, 4, -4, 4, -4, -2, -1, 4, -4, -2, 0, 4, -4, 4, -4, 0, -2, 0, -2, 4, -2, 1, -2, -4, 4, 4, -2, 2, -2, 4, -4, 4, -2, 0, 0]
3: 准确率为0.8125, kendall系数为0.5295286321305637, spearman系数为0.6187017438737595
human_scores is [1, -1, 1, -1, 1, -1, 1, -1, 1, -1, 1, -1, 0, 0, 0, 0, 1, -1, 0, 0, 1, -1, 0, 0, 1, -1, 0, 0, 1, -1, 1, -1, 0, 0, 1, -1, -1, 1, 0, 0, 1, -1]
model_scores is [4, -4, 4, -4, 2, -4, 4, -4, 4, -4, 4, -4, 4, -1, 0, 0, 4, -4, 4, -2, 3, -4, -4, 2, 4, 0, 4, -2, 4, -2, 4, -4, 4, -4, 4, -4, 0, 4, -2, 2, 2, 0]
4: 准确率为0.9464285714285714, kendall系数为0.7132316859611441, spearman系数为0.802822272779683
human_scores is [1, -1, 1, -1, 1, -1, 1, -1, 1, -1, 1, -1, 0, 0, 0, 0, 1, -1, 1, -1, 1, -1, 0, 0, 1, -1, 1, -1, 1, -1, 1, -1, 1, -1, 1, -1, 0, 0, 0, 0, 0, 0]
model_scores is [4, -4, 4, -4, 4, -4, 4, -4, 4, -4, 4, -4, 4, -4, 2, 0, 4, -4, 4, 0, 2, 0, 0, 4, 0, -2, 2, -2, 0, 0, 2, -4, 3, 0, 4, 0, 4, 0, 0, 0, -4, 0]
5: 准确率为0.8833333333333333, kendall系数为0.6717772114406215, spearman系数为0.7627490256516758
human_scores is [0, 0, -1, 1, -1, 1, 1, -1, 1, -1, 1, -1, -1, 1, -1, 1, 1, -1, 1, -1, 1, -1, 0, 0, 1, -1, 1, -1, 1, -1, 1, -1, 1, -1, 1, -1, 0, 0, 0, 0, 0, 0]
model_scores is [0, 4, -4, 4, -4, 2, -4, 2, 0, -2, 4, -2, 0, 0, 0, 0, -2, 0, 4, -2, 2, -4, 4, 0, -2, 4, 4, -4, 4, -4, -4, 2, 4, -4, 4, -4, 2, -4, 4, -4, 4, 0]
6: 准确率为0.6875, kendall系数为0.34412360080584264, spearman系数为0.4049017117099041
human_scores is [1, -1, 1, -1, 1, -1, 1, -1, 1, -1, 1, -1, 1, -1, 0, 0, 0, 0, 1, -1, 0, 0, -1, 1, -1, 1, 0, 0, -1, 1, 0, 0, 1, -1, 0, 0, 1, -1, 0, 0, -1, 1]
model_scores is [4, -4, 4, -4, 3, -3, 2, -2, 4, -4, 2, -4, 0, 0, -4, 4, -4, 4, 2, 0, 0, 0, -4, 2, -4, 4, 4, 0, -2, 0, -2, 2, 4, -4, 0, -2, 4, -4, 2, -2, -2, 0]
7: 准确率为0.9107142857142857, kendall系数为0.6404870125574958, spearman系数为0.7421799012063972
human_scores is [0, 0, 0, 0, 0, 0, 1, -1, 1, -1, 1, -1, 0, 0, 0, 0, 1, -1, 1, -1, 1, -1, 0, 0, 1, -1, 1, -1, 1, -1, 1, -1, 1, -1, 1, -1, 1, -1, 1, -1, 0, 0]
model_scores is [3, -3, 3, -4, 3, -4, 3, -4, 3, -4, 3, -4, 3, -3, -1, -2, 4, -4, 4, -4, 2, -4, -3, -2, 1, -1, 3, -4, -1, -2, 2, 0, 2, -4, -2, -2, 2, 0, -4, 4, -4, 2]
8: 准确率为0.8214285714285714, kendall系数为0.4344538259889516, spearman系数为0.5202274042704832
human_scores is [0, 0, 1, -1, 0, 0, 1, -1, 1, -1, 1, -1, 1, -1, 0, 0, 1, -1, 1, -1, 1, -1, -1, 1, 1, -1, 1, -1, 1, -1, 1, -1, 1, -1, 1, -1, 0, 0, 0, 0, 0, 0]
model_scores is [-4, 2, -2, 2, -4, 2, 2, -2, 4, -4, 2, 0, 0, -4, 0, -2, 4, -4, 4, -4, 4, -4, -4, 0, 2, -4, 4, -4, 4, -2, 4, -4, 4, -4, 2, -4, 4, 0, 2, 0, 0, 0]
9: 准确率为0.8833333333333333, kendall系数为0.685593214685981, spearman系数为0.7681260935412619
human_scores is [1, -1, 1, -1, 1, -1, 1, -1, 1, -1, 1, -1, 1, -1, 0, 0, 1, -1, 1, -1, 1, -1, -1, 1, 1, -1, 0, 0, 1, -1, 1, -1, 1, -1, 1, -1, -1, 1, 0, 0, 1, -1]
model_scores is [-4, 1, 4, -3, 0, -2, 2, -3, 2, -3, 4, -3, 3, -4, 4, -4, 4, -2, 3, -4, 3, -4, -2, 4, -2, 2, 0, 2, 0, 0, 0, -2, 2, -2, 4, -4, 2, 0, 2, -2, 4, -2]
10: 准确率为0.7916666666666666, kendall系数为0.5194242167462685, spearman系数为0.6170351968893046
human_scores is [1, -1, 1, -1, 1, -1, 1, -1, 1, -1, 1, -1, -1, 1, -1, 1, -1, 1, 0, 0, -1, 1, 0, 0, -1, 1, 1, -1, 0, 0, -1, 1, 1, -1, 0, 0, 1, -1, 1, -1, -1, 1]
model_scores is [-1, -1, 3, -3, 4, -4, 2, -3, 4, -4, 4, -4, 1, -4, 2, -4, 4, -4, 4, -2, 2, -2, 2, 0, 0, 0, 2, -4, 2, -2, 0, 2, 2, -4, 0, -2, 4, -4, 0, -2, -2, 2]
11: 准确率为0.6764705882352942, kendall系数为0.3285885891379027, spearman系数为0.37869504916786245
human_scores is [-1, 1, -1, 1, 0, 0, 0, 0, 1, -1, 0, 0, -1, 1, 1, -1, 1, -1, 1, -1, 1, -1, 1, -1, 1, -1, 1, -1, 1, -1, 0, 0, 1, -1, 0, 0, 1, -1, 0, 0, -1, 1]
model_scores is [-2, -1, -2, -4, 2, -4, 0, -2, 2, -4, 3, -4, 0, -2, 2, -4, 0, 0, 2, -4, 4, -4, 4, -2, 0, 2, 2, -2, 0, -2, -2, 2, 4, 0, 0, 0, 2, -2, 2, -2, -4, 2]
12: 准确率为0.7666666666666667, kendall系数为0.45344929015410174, spearman系数为0.5323609424660544
human_scores is [1, -1, 1, -1, 1, -1, 1, -1, 1, -1, 1, -1, -1, 1, 0, 0, 1, -1, 0, 0, 1, -1, 1, -1, 1, -1, 1, -1, 1, -1, 1, -1, 0, 0, 1, -1, -1, 1, 0, 0, 1, -1]
model_scores is [4, -3, 4, -3, 3, -3, 4, -3, 4, -3, 3, -3, 0, 0, -2, 0, 4, -2, 4, 0, 4, 0, -4, 2, 0, 0, 4, 0, 2, 0, 0, -4, 2, -4, 0, -4, 4, 0, 2, 0, -2, 0]
13: 准确率为0.7205882352941176, kendall系数为0.4363062856334971, spearman系数为0.5043752850771948
human_scores is [0, 0, 0, 0, -1, 1, -1, 1, 0, 0, 1, -1, 0, 0, -1, 1, -1, 1, 0, 0, 1, -1, -1, 1, -1, 1, 0, 0, 1, -1, 0, 0, 1, -1, 1, -1, 1, -1, 1, -1, 1, -1]
model_scores is [2, 2, 2, -2, -4, 2, -4, 0, 2, 2, 2, -2, -2, -1, -4, 2, -2, 2, 0, 0, 4, 0, -2, 2, -2, 4, 0, 4, 4, -2, 0, 0, 0, -2, 4, -2, 4, 0, 4, -2, 4, 0]
14: 准确率为0.9107142857142857, kendall系数为0.714883271801536, spearman系数为0.7973399769272863
human_scores is [1, -1, 1, -1, 0, 0, 1, -1, 1, -1, 1, -1, -1, 1, -1, 1, 0, 0, 1, -1, 1, -1, -1, 1, 1, -1, 1, -1, 1, -1, 1, -1, 1, -1, 1, -1, 1, -1, 1, -1, 0, 0]
model_scores is [3, -4, 4, -4, 3, -3, 4, -4, 2, -4, 3, -4, 2, 0, -3, 3, 2, -2, 4, -2, 2, -4, -4, 3, 0, 0, 2, -2, 2, 0, 3, -3, 2, -4, 3, -4, 2, 0, 4, 0, 0, 2]
15: 准确率为0.8888888888888888, kendall系数为0.7015873015873016, spearman系数为0.8056940088691027
human_scores is [-1, 1, 0, 0, 1, -1, 1, -1, 0, 0, 1, -1, 1, -1, 1, -1, 1, -1, 1, -1, 1, -1, 1, -1, 1, -1, 0, 0, 1, -1, 1, -1, -1, 1, 1, -1, -1, 1, 0, 0, 1, -1]
model_scores is [4, -4, 4, -4, 4, -4, 2, -4, 2, -4, 2, -4, -2, 4, 0, 4, 4, -2, -4, 2, 4, -2, 2, 0, 4, -4, -2, 0, 4, -4, 4, -2, -2, 4, 4, -2, -4, 3, 2, 0, 4, -4]
16: 准确率为0.7647058823529411, kendall系数为0.4110519302616795, spearman系数为0.4627729762709966
human_scores is [0, 0, 0, 0, -1, 1, 1, -1, -1, 1, -1, 1, 0, 0, -1, 1, 1, -1, -1, 1, -1, 1, -1, 1, 1, -1, -1, 1, -1, 1, 1, -1, 1, -1, 1, -1, -1, 1, -1, 1, 0, 0]
model_scores is [-4, 2, 4, -2, -4, 4, -4, 2, -2, 0, 2, -2, 4, -2, 0, 0, 0, 2, 4, -4, 4, -2, -4, 4, -4, 4, -2, 2, -2, 4, 0, -2, 4, -2, 4, -2, 2, -4, 4, -2, 0, -2]
17: 准确率为0.4852941176470588, kendall系数为0.02573528256796588, spearman系数为0.030258640028566246
human_scores is [0, 0, -1, 1, -1, 1, -1, 1, 0, 0, 1, -1, -1, 1, -1, 1, -1, 1, 0, 0, 1, -1, 1, -1, 1, -1, 1, -1, 1, -1, 1, -1, 1, -1, 1, -1, 1, -1, 1, -1, 1, -1]
model_scores is [0, 1, 1, -2, -4, 3, -4, 4, 0, -2, 2, 0, 1, -2, -4, 2, -4, 4, -1, -2, 0, -1, -4, 1, -4, 2, -3, -1, -2, 4, -1, 4, 4, -4, 4, -4, 4, -4, 4, -4, -4, 4]
18: 准确率为0.5555555555555556, kendall系数为0.18521099404176244, spearman系数为0.2221117532776622
human_scores is [-1, 1, 1, -1, 1, -1, 1, -1, 1, -1, 1, -1, 1, -1, 1, -1, 1, -1, 1, -1, 1, -1, 0, 0, 0, 0, 0, 0, 0, 0, 0, 0, 0, 0, 0, 0, 0, 0, 0, 0, 0, 0]
model_scores is [4, -4, 4, -4, 4, -4, 4, -4, 4, -4, 4, -3, 2, 0, 2, 2, -4, 2, 2, 0, 4, 0, 0, 4, -4, 2, 0, 0, 0, -2, 0, 0, 2, -2, 2, -2, 3, -4, 4, -4, 0, 0]
19: 准确率为0.7045454545454546, kendall系数为0.34394948064538455, spearman系数为0.39286916879747324
human_scores is [-1, 1, -1, 1, -1, 1, 0, 0, -1, 1, 0, 0, 1, -1, 1, -1, 1, -1, 1, -1, 1, -1, 0, 0, 1, -1, 0, 0, 1, -1, 1, -1, 0, 0, 1, -1, -1, 1, 0, 0, 1, -1]
model_scores is [-4, 4, -2, 0, -4, 0, 0, -2, 4, -4, 4, -4, 4, -4, 3, -3, 4, -4, 4, -3, 4, -4, -4, 0, 0, 0, 4, -4, 4, -2, 2, -4, 4, -4, 4, -4, 4, -4, 2, -2, 0, -2]
20: 准确率为0.7833333333333333, kendall系数为0.3999581374605318, spearman系数为0.4672149907532971
human_scores is [1, -1, 1, -1, 1, -1, 1, -1, 1, -1, 1, -1, 1, -1, 1, -1, 0, 0, 1, -1, 1, -1, 0, 0, -1, 1, 1, -1, 1, -1, -1, 1, 1, -1, 1, -1, 1, -1, 1, -1, 0, 0]
model_scores is [3, -3, 3, -4, 3, -3, 3, -3, 3, -4, 4, -4, 4, -3, 3, -3, 1, -1, 1, -4, 2, -4, 0, 2, -2, 2, -2, -2, 0, 0, 0, 0, 2, -2, 0, -2, -2, -2, 2, -4, -2, 2]
21: 准确率为0.875, kendall系数为0.6941779310460188, spearman系数为0.7983385266320598
human_scores is [1, -1, 1, -1, 1, -1, 1, -1, 1, -1, 1, -1, 1, -1, 1, -1, 1, -1, 1, -1, 1, -1, 0, 0, 1, -1, 1, -1, 1, -1, 1, -1, 1, -1, 1, -1, 0, 0, 0, 0, 0, 0]
model_scores is [2, -4, 4, -4, 3, -4, 3, -4, 4, -4, 4, -4, 2, -4, -2, -4, 4, -4, 4, -4, 2, -4, -4, 2, 4, -2, 2, -4, 0, -2, 4, -4, 4, -4, 4, -4, -2, 0, -2, -2, 2, 0]
22: 准确率为0.9558823529411765, kendall系数为0.8296121266589089, spearman系数为0.9014728317785171
human_scores is [-1, 1, 0, 0, -1, 1, -1, 1, 0, 0, 0, 0, 1, -1, 0, 0, 0, 0, 1, -1, 1, -1, -1, 1, -1, 1, 0, 0, 0, 0, 0, 0, 1, -1, 1, -1, 1, -1, 1, -1, 0, 0]
model_scores is [-4, 4, -1, 4, -4, 4, 0, 4, 2, 0, 0, 4, 2, -2, 4, 0, 0, -2, 2, -4, 2, 0, 0, 2, 0, 0, 4, 0, 2, -1, 0, -4, 4, -2, 2, -2, 4, -2, 0, -2, 0, 4]
23: 准确率为0.875, kendall系数为0.5737239516194792, spearman系数为0.6655818636300738
human_scores is [0, 0, -1, 1, 0, 0, 1, -1, -1, 1, 1, -1, -1, 1, 0, 0, 1, -1, -1, 1, 1, -1, 1, -1, 1, -1, 1, -1, 1, -1, 1, -1, -1, 1, 1, -1, -1, 1, 0, 0, 1, -1]
model_scores is [-4, 0, -2, -4, -4, 4, 4, -4, -2, 0, 0, -4, 0, -2, -4, 4, 2, -2, -4, -2, 0, -4, -4, 2, 2, -4, -2, 0, -2, -2, 4, -4, 3, -2, 4, -4, -4, 4, -4, 4, 0, -4]
24: 准确率为0.6470588235294118, kendall系数为0.3233849164473311, spearman系数为0.3927605133271179
human_scores is [1, -1, 1, -1, 1, -1, 0, 0, 1, -1, 1, -1, 1, -1, 1, -1, -1, 1, 1, -1, 1, -1, 0, 0, -1, 1, 0, 0, 1, -1, -1, 1, 0, 0, 1, -1, 1, -1, 1, -1, 1, -1]
model_scores is [-2, 2, 4, -4, -4, -3, 2, -4, 2, -4, 0, -2, 4, -4, 4, -2, 4, -2, 4, -2, 4, -4, -4, 4, -2, 2, -4, 4, -2, 4, 4, -4, 0, -2, 2, -4, 2, -2, 2, -4, 0, 0]
25: 准确率为0.6911764705882353, kendall系数为0.27007075757628746, spearman系数为0.3230391471157077
human_scores is [-1, 1, 0, 0, -1, 1, -1, 1, -1, 1, -1, 1, 1, -1, 0, 0, -1, 1, 0, 0, 0, 0, -1, 1, -1, 1, -1, 1, -1, 1, -1, 1, 0, 0, 0, 0, 1, -1, 1, -1, 0, 0]
model_scores is [-4, 4, 4, -2, -2, 3, -2, 0, 0, 0, 0, 0, 4, -4, 2, -4, 4, -4, 4, -4, 2, -4, -2, 2, 0, 2, 0, 0, 0, 4, 2, -2, 2, -2, 0, -2, -2, 0, -2, 0, -4, 2]
26: 准确率为0.5892857142857143, kendall系数为0.1540912490371446, spearman系数为0.18585013042166468
human_scores is [1, -1, 1, -1, 1, -1, 1, -1, 1, -1, 1, -1, 1, -1, -1, 1, 1, -1, 0, 0, 1, -1, -1, 1, 0, 0, -1, 1, 0, 0, 1, -1, 1, -1, 1, -1, -1, 1, 0, 0, 1, -1]
model_scores is [3, -3, 3, -4, 4, -4, 3, -4, 3, -4, 3, -4, 4, -2, -4, 4, 4, -2, 4, -4, 4, -4, -4, 4, 0, 0, 2, -2, 4, -2, 4, -4, 4, -4, 4, -4, 4, -4, 2, -4, 2, 0]
27: 准确率为0.8676470588235294, kendall系数为0.5997914790567584, spearman系数为0.6845698252333601
human_scores is [-1, 1, 0, 0, 1, -1, 1, -1, 1, -1, 1, -1, 1, -1, 1, -1, 1, -1, 1, -1, 1, -1, 1, -1, 1, -1, 1, -1, 1, -1, 0, 0, 1, -1, 1, -1, 1, -1, 1, -1, 0, 0]
model_scores is [0, -2, 3, -4, 3, -4, 3, -4, 2, -4, 4, -4, 3, -4, 3, -4, 4, -4, 2, -4, 4, -4, 0, 4, 4, -4, 2, -3, 4, -2, 4, -1, 2, -3, 4, -4, 2, -2, 2, 0, 0, 2]
28: 准确率为0.9027777777777778, kendall系数为0.6340526419630538, spearman系数为0.7384927484198891
human_scores is [-1, 1, 1, -1, -1, 1, 1, -1, 1, -1, 1, -1, 1, -1, 0, 0, 1, -1, 1, -1, 1, -1, -1, 1, 1, -1, 1, -1, 1, -1, 1, -1, 1, -1, 1, -1, 0, 0, 0, 0, 0, 0]
model_scores is [-4, 1, 4, -3, -3, 3, -1, -3, 0, -4, 1, -3, 4, -4, 0, 0, 3, -4, 4, -3, 4, -4, -3, 4, 0, -2, 0, -4, 0, 0, 4, -3, 4, -4, 2, -4, 0, -2, 0, 0, -4, 2]
29: 准确率为0.8970588235294118, kendall系数为0.7417840522795919, spearman系数为0.8423356005576953
human_scores is [1, -1, 1, -1, 0, 0, -1, 1, 1, -1, 1, -1, 1, -1, -1, 1, -1, 1, 0, 0, 1, -1, -1, 1, -1, 1, -1, 1, 0, 0, -1, 1, 1, -1, 1, -1, 1, -1, 1, -1, 1, -1]
model_scores is [0, 0, 2, -2, -2, -2, 0, 0, 2, -3, 4, -4, -2, 0, -2, 0, 2, 0, 2, -2, 4, -4, -4, 2, -2, -2, 4, -3, 4, -4, 2, -4, 2, -3, 4, -4, 4, -3, 4, -2, 4, -4]
30: 准确率为0.7083333333333334, kendall系数为0.38756424494016983, spearman系数为0.45585496172864
human_scores is [-1, 1, 0, 0, 1, -1, 1, -1, 1, -1, 1, -1, 1, -1, 1, -1, 1, -1, 1, -1, 1, -1, 1, -1, 1, -1, 1, -1, 1, -1, 0, 0, 1, -1, 0, 0, 1, -1, 0, 0, -1, 1]
model_scores is [-1, -2, -1, -1, 4, 0, 3, -3, 4, -4, 2, -4, 0, 3, 0, -4, -2, 0, 4, -2, 4, -4, 2, -4, 4, 0, 4, -4, 4, -4, -2, 2, 4, 0, 4, -4, 4, -2, 4, -4, 4, 0]
31: 准确率为0.7794117647058824, kendall系数为0.48900277766611777, spearman系数为0.5837375828649757
human_scores is [1, -1, -1, 1, 1, -1, -1, 1, 0, 0, 1, -1, -1, 1, -1, 1, -1, 1, -1, 1, 0, 0, 1, -1, 0, 0, 1, -1, 1, -1, -1, 1, -1, 1, 1, -1, 1, -1, 1, -1, 1, -1]
model_scores is [3, -3, 3, -3, 3, -3, 2, -3, 3, -4, 3, -3, 3, -1, -4, 3, 1, -4, 3, -3, 2, -3, -2, 3, -3, 0, -1, 1, 0, 3, 1, -4, 3, -3, 3, -2, 1, -3, 0, -3, -1, 1]
32: 准确率为0.3888888888888889, kendall系数为0.09327700703486452, spearman系数为0.109598889306138
human_scores is [0, 0, 1, -1, 1, -1, 1, -1, 1, -1, 1, -1, 1, -1, 1, -1, 1, -1, 1, -1, 1, -1, -1, 1, 0, 0, 0, 0, 0, 0, 1, -1, 1, -1, 1, -1, 0, 0, 0, 0, 0, 0]
model_scores is [0, 0, 4, -3, 4, -2, 4, -3, 4, -3, 4, -3, 4, -3, 4, -4, 4, -4, 4, -3, 4, -4, -4, 4, 0, 0, -2, 0, 2, 0, 2, -4, 0, -4, 2, 0, -2, 0, 0, 0, 0, 0]
33: 准确率为0.9642857142857143, kendall系数为0.8700641468746845, spearman系数为0.9273942965523088
human_scores is [-1, 1, 1, -1, 0, 0, 1, -1, 1, -1, 1, -1, 1, -1, 1, -1, 1, -1, 1, -1, 1, -1, -1, 1, 0, 0, -1, 1, 0, 0, 1, -1, 1, -1, 1, -1, -1, 1, 0, 0, 1, -1]
model_scores is [2, -2, 4, -4, -2, 0, 4, -4, 4, -4, 4, -4, 4, -2, 0, 2, 4, -2, 4, -4, 4, -4, -2, 4, 0, -2, 0, 0, 4, 0, 4, -2, 4, -4, 4, -2, 0, 0, 4, 0, 4, 0]
34: 准确率为0.8235294117647058, kendall系数为0.6617940919750459, spearman系数为0.7426309344870481
human_scores is [1, -1, 1, -1, 1, -1, 1, -1, 1, -1, 1, -1, 0, 0, -1, 1, 0, 0, -1, 1, 0, 0, -1, 1, 0, 0, -1, 1, 0, 0, 1, -1, 0, 0, 1, -1, -1, 1, 0, 0, 1, -1]
model_scores is [4, -2, 2, -4, 0, 2, 4, -4, 4, 0, 4, -2, 0, 0, -2, 3, 4, -2, 0, 0, 4, -2, -2, 4, 2, -4, 0, 4, 4, 0, 2, -2, 1, -2, 4, -2, -2, 2, 4, 0, 4, -2]
35: 准确率为0.875, kendall系数为0.5945816792693003, spearman系数为0.6945707205840808
human_scores is [1, -1, 1, -1, 1, -1, 1, -1, 1, -1, 1, -1, 0, 0, 1, -1, 1, -1, 1, -1, 1, -1, 1, -1, 1, -1, 1, -1, 1, -1, 0, 0, 0, 0, 0, 0, 0, 0, 0, 0, 0, 0]
model_scores is [-2, -2, 4, -4, 0, -4, 2, -2, 4, -4, 2, -4, 4, -4, 2, -4, 2, -2, 4, -4, 0, -4, -2, -1, -2, 2, 4, -2, -4, 2, -4, 2, 0, 0, -2, 2, 4, -4, -2, 0, -2, 4]
36: 准确率为0.75, kendall系数为0.4046840883803797, spearman系数为0.47861709436152167
human_scores is [1, -1, 0, 0, 1, -1, 1, -1, 1, -1, 1, -1, -1, 1, 0, 0, 1, -1, 1, -1, 1, -1, 1, -1, 1, -1, 1, -1, 1, -1, 1, -1, 1, -1, 1, -1, 1, -1, 1, -1, 0, 0]
model_scores is [4, -4, 2, -4, 0, -4, 4, -4, 4, -4, 4, -4, -2, 4, -4, 4, 4, -4, 4, 0, 2, -2, -2, 2, 4, -4, 2, -2, 2, -4, 4, -4, 4, -4, 4, -4, 0, 2, -2, 4, 2, 2]
37: 准确率为0.8194444444444444, kendall系数为0.6012036120421518, spearman系数为0.68670539222933
human_scores is [1, -1, 1, -1, 1, -1, 1, -1, 1, -1, 1, -1, 0, 0, 0, 0, 1, -1, 1, -1, 1, -1, 0, 0, 1, -1, 1, -1, 1, -1, 1, -1, 1, -1, 1, -1, 0, 0, 0, 0, 0, 0]
model_scores is [4, -2, 4, 0, 2, 0, 2, -4, 4, -4, 1, -4, -2, 0, -2, 0, 0, -2, 4, -4, -2, 0, -2, -2, 2, -4, 2, -4, -2, 0, 0, -4, 2, -4, -2, -2, 4, 0, -2, 2, -4, 4]
38: 准确率为0.8, kendall系数为0.5407110092215578, spearman系数为0.6307765814915703
human_scores is [1, -1, 1, -1, 1, -1, 1, -1, 1, -1, 1, -1, 0, 0, 0, 0, 1, -1, 1, -1, 1, -1, 0, 0, 1, -1, 1, -1, 1, -1, 1, -1, 1, -1, 1, -1, 0, 0, 0, 0, 0, 0]
model_scores is [4, -4, 4, -4, 2, -4, 3, -3, 4, -4, 4, -4, 0, -4, 0, 2, -2, 0, 4, -4, 2, -4, -4, 2, -4, 2, 0, -4, 2, -2, -2, 0, 4, -4, 2, -4, 2, -4, 2, -4, 0, 0]
39: 准确率为0.8166666666666667, kendall系数为0.5751155841769735, spearman系数为0.655428653398415
human_scores is [-1, 1, 0, 0, 0, 0, 0, 0, 1, -1, 1, -1, 1, -1, 1, -1, 1, -1, 1, -1, 1, -1, 0, 0, 0, 0, 1, -1, 1, -1, 0, 0, 1, -1, 1, -1, 1, -1, 1, -1, 0, 0]
model_scores is [-4, 4, -4, 4, -4, 4, -4, 4, 2, -4, 0, -2, 0, -4, 0, -4, 0, -4, 4, -4, 4, -4, -2, 0, -4, 0, 4, -4, 4, -4, -4, 2, 4, -4, 4, -4, 4, -4, 4, -4, -2, 2]
40: 准确率为0.9285714285714286, kendall系数为0.7082870572732382, spearman系数为0.7935001991637332
human_scores is [1, -1, 1, -1, 1, -1, 1, -1, 1, -1, 1, -1, 1, -1, 1, -1, 1, -1, 1, -1, 1, -1, 0, 0, 1, -1, 1, -1, 1, -1, 1, -1, 1, -1, 1, -1, 0, 0, 0, 0, 0, 0]
model_scores is [4, -4, 4, -4, 4, -4, 4, -4, 4, -4, 4, -4, 4, -2, 0, -2, 2, -4, 2, -4, -2, 2, -2, 2, 2, 0, 4, 0, -2, 4, 0, -4, 4, -4, -2, 0, 4, 0, -2, 2, -2, 4]
41: 准确率为0.7794117647058824, kendall系数为0.5601327283825261, spearman系数为0.6380582801123426
human_scores is [1, -1, 0, 0, -1, 1, 1, -1, 1, -1, 1, -1, -1, 1, -1, 1, 0, 0, 1, -1, 1, -1, -1, 1, 1, -1, 1, -1, 1, -1, 1, -1, 1, -1, 1, -1, 1, -1, 1, -1, 0, 0]
model_scores is [0, -2, -2, 0, -2, 2, -2, -1, -2, -2, 0, -4, -1, 0, -2, 4, -3, 0, 0, -2, -1, -4, -4, 2, 2, 2, 2, -2, 4, -2, 4, -4, 1, -4, 4, -4, 2, -2, 3, -2, 3, 3]
42: 准确率为0.8333333333333334, kendall系数为0.5892748134626078, spearman系数为0.698041768449598
human_scores is [1, -1, 1, -1, 0, 0, 1, -1, 1, -1, 1, -1, -1, 1, -1, 1, 1, -1, 1, -1, 1, -1, -1, 1, 1, -1, 1, -1, 1, -1, 1, -1, 1, -1, 1, -1, 1, -1, 0, 0, -1, 1]
model_scores is [2, -4, 4, -4, 2, -4, 4, -4, 4, -3, 4, -4, 2, -4, -4, -2, 1, -4, -2, -3, 0, -2, -2, 0, -3, -2, -2, -2, -4, 2, 0, -4, 2, -4, -4, -2, 2, -4, 0, 2, -2, 4]
43: 准确率为0.7236842105263158, kendall系数为0.4134575793294403, spearman系数为0.479025385602959
human_scores is [0, 0, -1, 1, 0, 0, 1, -1, 1, -1, 1, -1, -1, 1, 0, 0, 1, -1, 1, -1, 1, -1, 1, -1, 1, -1, 1, -1, 1, -1, 1, -1, 1, -1, 1, -1, 0, 0, 0, 0, 0, 0]
model_scores is [0, -2, 0, -3, 4, -2, 4, -2, 4, -4, 4, -4, 0, -1, 3, 0, 4, 0, 4, -4, 4, -2, 4, -2, 4, -2, 4, -4, 4, -4, 0, 0, 2, 0, 2, 0, 4, -2, 4, -2, 0, 2]
44: 准确率为0.8166666666666667, kendall系数为0.5700422709399516, spearman系数为0.6575197723888242
human_scores is [1, -1, 1, -1, 1, -1, 1, -1, 1, -1, 1, -1, -1, 1, 1, -1, 1, -1, 1, -1, 1, -1, 1, -1, 1, -1, 1, -1, 1, -1, 0, 0, 1, -1, 1, -1, 1, -1, 1, -1, 0, 0]
model_scores is [-1, -1, -1, -1, 3, -3, 3, -3, 3, -3, 3, -3, 0, 0, 4, -4, 4, -4, 4, -4, 4, -4, 4, -3, 3, -3, 4, -3, 4, -4, 4, -2, 4, -4, 0, 0, 2, -1, -2, 0, -3, 2]
45: 准确率为0.8552631578947368, kendall系数为0.6513164556543215, spearman系数为0.7620921509775378
human_scores is [-1, 1, 0, 0, 1, -1, 0, 0, -1, 1, 0, 0, 1, -1, 1, -1, 1, -1, 0, 0, 1, -1, 1, -1, 0, 0, -1, 1, 0, 0, -1, 1, -1, 1, -1, 1, -1, 1, 0, 0, 1, -1]
model_scores is [-2, 0, 0, 0, 3, 0, 4, -2, 4, -4, 4, -2, -2, -2, 3, -1, 0, 0, 4, -4, 4, -4, 3, 0, 2, 0, 2, -4, 4, -4, 0, -1, 1, -4, 2, -4, 2, -4, 2, -2, -2, -2]
46: 准确率为0.42857142857142855, kendall系数为0.11218303799418805, spearman系数为0.13788610795212491
human_scores is [1, -1, 1, -1, 1, -1, 1, -1, 1, -1, 1, -1, 0, 0, 0, 0, 1, -1, 0, 0, 1, -1, 0, 0, 1, -1, 0, 0, 1, -1, 1, -1, 0, 0, 1, -1, -1, 1, 0, 0, 1, -1]
model_scores is [2, -4, 4, -4, 3, -3, 3, -4, 3, -4, 3, -4, 2, -4, -2, 3, 2, -4, 4, -3, 2, -4, -4, 4, 4, 0, 4, -2, 4, -2, 4, -4, 4, -4, 4, -4, 2, -4, 4, -4, 0, 2]
47: 准确率为0.8571428571428571, kendall系数为0.48649605586494027, spearman系数为0.5903031358613914
human_scores is [0, 0, 1, -1, 0, 0, 1, -1, 1, -1, 1, -1, 1, -1, 0, 0, 1, -1, 1, -1, 1, -1, -1, 1, 1, -1, 1, -1, 1, -1, 1, -1, 1, -1, 1, -1, 1, -1, 1, -1, 0, 0]
model_scores is [2, 0, 4, -3, 2, 0, 4, -4, 2, -2, 4, -4, 2, -4, 0, 0, 0, -4, 4, -2, 2, -4, -4, 2, 0, 0, 2, -2, 2, -4, 2, -2, 4, -4, 4, -4, 0, -2, -2, -2, 0, -4]
48: 准确率为0.9117647058823529, kendall系数为0.7378275940874918, spearman系数为0.8278789208337756
human_scores is [1, -1, 1, -1, 0, 0, 1, -1, 1, -1, 1, -1, -1, 1, -1, 1, -1, 1, 1, -1, 1, -1, -1, 1, 0, 0, 1, -1, 1, -1, 1, -1, 1, -1, 1, -1, 1, -1, 1, -1, 0, 0]
model_scores is [4, -4, 0, -2, -4, 4, 0, -2, 2, -4, 0, -2, -2, 1, -4, 3, -2, -1, 0, 0, -2, 0, -3, 4, 0, 0, 2, -4, 2, -4, 2, -3, 4, -4, 3, -3, 0, -4, 0, -2, -4, 2]
49: 准确率为0.8333333333333334, kendall系数为0.5967909808012344, spearman系数为0.7272457185464692
human_scores is [1, -1, 1, -1, 0, 0, 1, -1, 1, -1, 1, -1, 1, -1, -1, 1, 1, -1, 1, -1, 1, -1, -1, 1, 0, 0, 1, -1, 0, 0, 1, -1, 1, -1, 1, -1, 1, -1, 0, 0, -1, 1]
model_scores is [3, -4, 3, -3, 3, -4, 3, -4, 4, -4, 3, -4, 0, 2, -4, 4, 0, 2, 4, -4, 2, 0, -3, 4, 0, 0, 4, -4, 4, -4, 2, -3, 4, -4, 4, -2, 2, -4, 2, -2, -4, 4]
50: 准确率为0.8970588235294118, kendall系数为0.6718621821772441, spearman系数为0.7796376513437256
human_scores is [1, -1, 1, -1, 1, -1, 1, -1, 1, -1, 1, -1, -1, 1, 0, 0, 0, 0, 0, 0, 0, 0, 1, -1, 1, -1, 1, -1, 1, -1, 0, 0, 0, 0, 0, 0, 0, 0, 0, 0, 0, 0]
model_scores is [4, -4, 4, -4, 2, -4, 4, -4, 4, -4, 4, -4, 2, -2, -4, -4, -4, 4, 4, -2, 2, -4, -2, 0, -4, 4, -2, 0, 0, -2, -4, 0, 2, 0, 4, -2, 2, -4, 4, -4, 2, -2]
51: 准确率为0.6590909090909091, kendall系数为0.2997473902716003, spearman系数为0.348382955352276
human_scores is [-1, 1, 0, 0, 1, -1, 0, 0, 1, -1, 1, -1, 1, -1, 1, -1, 1, -1, 1, -1, 1, -1, 1, -1, 0, 0, 1, -1, 1, -1, -1, 1, 1, -1, 1, -1, 1, -1, 1, -1, 0, 0]
model_scores is [0, -2, 4, -4, 2, -4, 4, -4, 4, -4, 4, -4, 4, -4, 4, -4, 4, -4, 4, -4, 4, -4, -2, 4, -2, 0, 2, 0, 2, -2, 2, 0, 4, -4, 4, -2, 4, 0, 4, 0, 0, 2]
52: 准确率为0.8088235294117647, kendall系数为0.5740679836368003, spearman系数为0.6606576682202896
human_scores is [1, -1, 1, -1, -1, 1, 1, -1, 1, -1, 1, -1, 0, 0, -1, 1, 1, -1, 1, -1, 0, 0, -1, 1, 1, -1, 1, -1, 0, 0, 1, -1, 1, -1, 1, -1, 0, 0, -1, 1, -1, 1]
model_scores is [0, 2, -2, -2, -2, 2, 2, -2, 4, -2, 2, -2, 0, -2, -2, 2, 4, -2, 4, -2, 4, -2, -2, 2, 4, -2, 4, -4, 2, -2, 4, -4, 4, -4, 2, -2, 2, 0, 0, 4, 0, 2]
53: 准确率为0.8970588235294118, kendall系数为0.6809851968099876, spearman系数为0.7653721767046242
human_scores is [1, -1, 1, -1, 0, 0, 1, -1, 1, -1, 1, -1, 1, -1, -1, 1, 1, -1, 1, -1, 1, -1, -1, 1, 1, -1, 1, -1, 1, -1, 1, -1, 1, -1, 1, -1, -1, 1, 0, 0, 1, -1]
model_scores is [2, -4, 4, -4, 0, -3, 4, -3, 4, -4, 3, -3, 0, -2, 2, 0, 4, -3, 2, -4, 0, -3, -3, 0, 4, -3, 2, -4, 2, -3, 4, -3, 4, -3, 4, -3, 2, -2, 2, -1, -2, 0]
54: 准确率为0.8289473684210527, kendall系数为0.6737127544577753, spearman系数为0.7679554415879388
human_scores is [0, 0, 1, -1, 1, -1, 1, -1, 1, -1, 1, -1, 1, -1, 1, -1, 1, -1, 1, -1, 1, -1, 0, 0, 0, 0, 1, -1, 1, -1, 0, 0, 1, -1, 1, -1, 1, -1, 1, -1, 0, 0]
model_scores is [-4, 4, 0, -2, -2, 4, 2, 0, 4, -4, 4, -4, 4, -4, 0, -2, 4, -4, 4, -4, 2, -4, -2, 4, -2, 2, 2, 0, 4, 0, 2, -2, 4, -2, 4, -2, 2, -2, 2, -2, -2, 2]
55: 准确率为0.859375, kendall系数为0.568630511949634, spearman系数为0.6610161813790723
human_scores is [0, 0, 0, 0, 0, 0, 1, -1, 1, -1, 1, -1, 0, 0, 0, 0, 1, -1, 1, -1, 1, -1, 0, 0, 1, -1, 1, -1, 1, -1, 1, -1, 1, -1, 1, -1, 0, 0, 0, 0, 0, 0]
model_scores is [-1, 1, -1, -3, -3, 3, -1, -3, -2, -3, 4, -4, 2, -2, -4, 2, 2, -2, 2, -2, 4, -4, -4, 3, 4, -4, 2, -4, 4, -4, 3, -2, 3, -3, 2, -3, 4, 0, 4, -2, 4, 0]
56: 准确率为0.9166666666666666, kendall系数为0.5803671313282965, spearman系数为0.6899394622610355
human_scores is [1, -1, 0, 0, 0, 0, 1, -1, 1, -1, 1, -1, -1, 1, -1, 1, 0, 0, 1, -1, 1, -1, 0, 0, 1, -1, 1, -1, 1, -1, 1, -1, 1, -1, 1, -1, 1, -1, 1, -1, 0, 0]
model_scores is [4, -4, 2, -4, 0, 0, 4, -4, 4, -4, 4, -3, -4, 2, -4, 4, -4, 4, 0, 0, -4, 0, -4, 4, -4, 2, 4, -4, 0, 0, 4, -4, 4, -4, 4, -4, 4, -4, 4, -2, -4, 4]
57: 准确率为0.828125, kendall系数为0.5495605272969841, spearman系数为0.6287022501782138
human_scores is [0, 0, 1, -1, 1, -1, 1, -1, 1, -1, 1, -1, 1, -1, 1, -1, 1, -1, 1, -1, 1, -1, 0, 0, -1, 1, 1, -1, 1, -1, -1, 1, 1, -1, 1, -1, 1, -1, 1, -1, 0, 0]
model_scores is [2, -4, 4, -4, 4, -2, 4, -4, 4, -4, 4, -4, 0, -2, -2, -2, -2, -2, 4, -2, -2, -2, -4, -2, -2, 4, 2, -2, -2, 0, 0, 4, 4, -4, 0, -4, 4, -4, 4, -4, -2, 4]
58: 准确率为0.8333333333333334, kendall系数为0.6100815520187531, spearman系数为0.6990591304829721
human_scores is [1, -1, 1, -1, 1, -1, -1, 1, 1, -1, 1, -1, 0, 0, 0, 0, -1, 1, 1, -1, 1, -1, 0, 0, -1, 1, 1, -1, 1, -1, -1, 1, 1, -1, 1, -1, 1, -1, 1, -1, 0, 0]
model_scores is [-3, 4, 0, -2, 4, -2, 3, -3, 4, -2, 2, -4, 4, -4, 4, -4, 4, -3, 4, -4, 4, -4, 2, 0, 2, 1, 0, -2, 4, -4, 1, 2, 2, 0, 2, 2, 4, -4, 4, -4, 3, 0]
59: 准确率为0.6911764705882353, kendall系数为0.32214397087003577, spearman系数为0.38501880469591077
human_scores is [-1, 1, 1, -1, -1, 1, 1, -1, 1, -1, 1, -1, 1, -1, 0, 0, 1, -1, 1, -1, 1, -1, -1, 1, -1, 1, -1, 1, -1, 1, 1, -1, 1, -1, 1, -1, 0, 0, 0, 0, 0, 0]
model_scores is [0, -2, 4, -4, -2, 2, 4, -4, 4, -2, 4, -2, 2, -4, -4, 2, 4, -2, 2, -4, 2, -4, -4, 4, 2, 2, 4, 2, 0, 2, 4, -4, 4, -4, 4, -4, 4, 2, 0, 4, 0, 2]
60: 准确率为0.8823529411764706, kendall系数为0.631899903815806, spearman系数为0.7159925209628889
human_scores is [1, -1, 0, 0, 0, 0, 1, -1, 1, -1, 1, -1, -1, 1, -1, 1, -1, 1, 0, 0, 0, 0, 0, 0, 1, -1, 1, -1, 1, -1, 1, -1, 1, -1, 1, -1, 1, -1, 1, -1, 0, 0]
model_scores is [-2, 4, -4, 4, -2, 2, -4, 4, 4, -4, 0, -4, -2, 0, -4, 2, -4, 4, 4, -4, 2, -4, -4, -2, -4, 0, 4, -4, 2, -4, -2, -2, 4, -4, 4, -4, 4, -4, 4, -4, -2, 2]
61: 准确率为0.75, kendall系数为0.42584741722483854, spearman系数为0.48448025962567665
human_scores is [0, 0, -1, 1, -1, 1, 0, 0, 1, -1, 1, -1, -1, 1, -1, 1, 0, 0, 1, -1, 1, -1, 0, 0, 1, -1, 1, -1, 1, -1, 1, -1, 1, -1, 1, -1, 1, -1, 1, -1, 0, 0]
model_scores is [1, -1, -4, 3, -4, 3, -3, 3, 3, -4, -1, -1, -3, 4, -4, 3, -4, 4, 4, -2, -4, 0, 4, -3, 1, 1, 3, -3, 3, -3, -3, 4, 4, -4, 1, -3, 4, -4, 4, -2, -2, 4]
62: 准确率为0.828125, kendall系数为0.4585805239044081, spearman系数为0.5521258989082022
human_scores is [0, 0, 1, -1, 1, -1, 1, -1, 1, -1, 1, -1, 1, -1, 1, -1, 1, -1, 1, -1, 1, -1, 1, -1, 1, -1, 1, -1, 1, -1, 1, -1, 1, -1, 1, -1, 1, -1, 1, -1, 0, 0]
model_scores is [3, -4, 4, -2, 3, -4, 4, -2, 3, -4, 3, -4, 2, -2, 0, 0, 0, 0, 2, -4, 0, 2, -2, -2, 2, 0, 2, -2, 2, 0, 2, -2, 0, -4, 0, -2, -2, 0, -2, -2, -4, 0]
63: 准确率为0.7631578947368421, kendall系数为0.4949133977324323, spearman系数为0.5887251974760321
human_scores is [1, -1, 1, -1, 1, -1, 1, -1, 1, -1, 1, -1, 1, -1, 1, -1, 1, -1, 1, -1, 1, -1, 0, 0, 0, 0, 1, -1, 1, -1, 0, 0, 1, -1, 1, -1, 1, -1, 1, -1, 0, 0]
model_scores is [4, -4, 4, -4, 4, -4, 4, -2, 4, -4, 4, -4, 4, 0, 0, 0, 2, 0, 4, -4, 2, 0, 0, 2, 0, 0, 2, 0, 0, 0, 2, 0, 4, -2, 0, 0, 4, 0, 0, 0, 0, 2]
64: 准确率为0.8088235294117647, kendall系数为0.7171135113579411, spearman系数为0.7814295770624797
human_scores is [1, -1, 1, -1, 1, -1, 1, -1, 1, -1, 1, -1, 1, -1, 0, 0, 1, -1, 1, -1, 1, -1, -1, 1, 1, -1, 1, -1, 1, -1, 1, -1, 1, -1, 1, -1, 0, 0, 0, 0, 0, 0]
model_scores is [-4, 2, 4, -4, -2, 0, 4, -2, 0, -2, 3, -4, -1, -3, 1, -4, 3, -3, 1, -4, 3, -3, -2, 0, -2, -2, 2, -2, 4, 0, 4, -3, 0, -2, 4, -2, -2, 0, -1, -1, 2, -2]
65: 准确率为0.7794117647058824, kendall系数为0.5239616155547375, spearman系数为0.6104894986557442
human_scores is [0, 0, 0, 0, 0, 0, 0, 0, 1, -1, 1, -1, 0, 0, 0, 0, 0, 0, 1, -1, 1, -1, 0, 0, 0, 0, 1, -1, 1, -1, 0, 0, 1, -1, 1, -1, 1, -1, 1, -1, 1, -1]
model_scores is [4, -2, 4, 0, -2, -2, 4, -2, 2, -4, 2, -4, 0, 4, -4, 2, -2, 2, 2, -2, -2, -2, -2, 2, 4, 0, 2, -2, 0, -2, 4, -4, 2, -4, 0, -4, 0, -4, -2, 0, -2, 2]
66: 准确率为0.7272727272727273, kendall系数为0.3230651273254955, spearman系数为0.39565217205843944
human_scores is [0, 0, 1, -1, 0, 0, 1, -1, 1, -1, 1, -1, 1, -1, 0, 0, 1, -1, 1, -1, 1, -1, -1, 1, 0, 0, 1, -1, 1, -1, 1, -1, 1, -1, 1, -1, 1, -1, 1, -1, 0, 0]
model_scores is [2, -3, 2, -4, -4, -3, 2, -2, 4, -2, 2, -4, 2, 0, -3, 3, 2, -2, 4, -4, 2, -4, -3, 2, 2, 0, 2, -2, 2, -2, 4, -4, 4, -3, 2, -3, 2, -4, 2, -4, 0, 4]
67: 准确率为0.984375, kendall系数为0.672119038954598, spearman系数为0.7896719873782524
human_scores is [0, 0, 1, -1, 1, -1, 1, -1, 1, -1, 1, -1, 1, -1, 1, -1, 1, -1, 1, -1, 1, -1, 1, -1, 0, 0, 1, -1, 1, -1, -1, 1, 0, 0, 1, -1, 1, -1, 1, -1, 1, -1]
model_scores is [2, -3, 0, -4, 4, -4, 4, -3, 4, -3, 2, -3, 2, -2, -3, -4, 0, -4, 4, -4, 0, -4, 1, -2, 0, -4, 0, -4, -2, -4, 4, -3, 2, -3, -2, -3, -4, -2, -2, -1, -2, -1]
68: 准确率为0.7222222222222222, kendall系数为0.44452232801075364, spearman系数为0.5285623500425832
human_scores is [1, -1, 1, -1, 0, 0, 1, -1, 1, -1, 1, -1, 0, 0, -1, 1, 0, 0, 1, -1, 1, -1, -1, 1, 0, 0, 1, -1, 1, -1, 1, -1, 1, -1, 1, -1, 1, -1, 1, -1, 0, 0]
model_scores is [0, -4, 4, -4, -4, 4, 4, -2, 4, -4, 4, -4, 4, -2, -4, 4, 4, -2, 4, -4, 4, -2, -4, 4, 0, -2, 4, -2, 4, 0, 4, -4, 4, -4, 4, -4, 4, -4, 4, -4, 2, 4]
69: 准确率为0.96875, kendall系数为0.8000946913656627, spearman系数为0.8697143758042892
human_scores is [0, 0, 1, -1, 0, 0, 1, -1, 1, -1, 1, -1, 1, -1, 0, 0, 1, -1, 1, -1, 1, -1, -1, 1, 1, -1, 1, -1, 1, -1, 1, -1, 1, -1, 1, -1, 0, 0, 0, 0, 0, 0]
model_scores is [3, -3, 3, -3, 4, -4, 3, -2, 4, -4, 4, -2, 3, -3, 2, -4, 3, -3, 4, -3, 3, -4, -3, 4, 0, -4, 0, -4, -4, -4, 4, -4, 4, -4, 2, -4, 2, -4, -2, 2, -4, 2]
70: 准确率为0.9333333333333333, kendall系数为0.6033045521453781, spearman系数为0.7051668412316356
human_scores is [1, -1, 1, -1, 1, -1, 1, -1, 1, -1, 1, -1, 1, -1, 0, 0, 1, -1, 1, -1, 1, -1, -1, 1, 0, 0, 1, -1, 1, -1, 1, -1, 1, -1, 1, -1, 1, -1, 1, -1, 0, 0]
model_scores is [-2, 4, -2, 0, -2, 4, -2, 0, 2, 0, 2, -2, 4, -2, 1, 2, 4, -2, 4, -4, 4, -4, -4, 4, -2, 4, 2, -2, 2, -2, 4, -4, 4, -4, 4, -4, 4, -4, 4, -4, -2, 0]
71: 准确率为0.7916666666666666, kendall系数为0.551213539025822, spearman系数为0.6149073693967547
human_scores is [0, 0, 1, -1, 0, 0, 1, -1, 1, -1, 1, -1, 1, -1, 0, 0, 1, -1, 1, -1, 1, -1, -1, 1, 0, 0, 0, 0, 0, 0, 1, -1, 1, -1, 1, -1, 0, 0, 0, 0, 0, 0]
model_scores is [-1, 3, -1, 2, -1, 2, -1, -1, 3, -3, 3, -4, 2, -3, 0, 0, 0, -3, 2, -3, 2, -4, -4, 4, -2, 0, 4, -4, 4, -4, 4, -2, 4, -4, 4, -4, 3, -4, 2, -4, -2, 2]
72: 准确率为0.8541666666666666, kendall系数为0.5296905193796912, spearman系数为0.6344026083071874
human_scores is [1, -1, 1, -1, 1, -1, 1, -1, 1, -1, 1, -1, 0, 0, 0, 0, 0, 0, 1, -1, 1, -1, 0, 0, 0, 0, 1, -1, 1, -1, 0, 0, 1, -1, 1, -1, 1, -1, 1, -1, 0, 0]
model_scores is [2, -4, 3, -3, 3, -1, 3, -3, 3, -3, 3, -3, -2, 0, -4, 4, 0, 2, 4, -2, 4, -2, 2, 0, 4, -4, 1, -3, 4, -4, 4, -4, 4, -3, 4, -4, 2, -3, 4, -4, 2, -2]
73: 准确率为1.0, kendall系数为0.645794169351455, spearman系数为0.7618977873908028
human_scores is [-1, 1, -1, 1, -1, 1, 1, -1, 1, -1, 1, -1, 0, 0, 0, 0, 1, -1, 1, -1, 1, -1, 0, 0, 1, -1, 1, -1, 1, -1, 1, -1, 1, -1, 1, -1, 0, 0, 0, 0, 0, 0]
model_scores is [-3, 2, -1, -3, -2, 2, 3, -4, 3, -4, 3, -4, 1, -4, -4, 0, 3, -4, 3, -3, 3, -4, -2, 2, 2, -4, 4, -2, -2, 0, 3, -4, 4, -4, 4, -4, -2, 2, -4, 1, -4, 4]
74: 准确率为0.9166666666666666, kendall系数为0.6315582754006193, spearman系数为0.7371924661343866
human_scores is [-1, 1, -1, 1, -1, 1, 1, -1, 0, 0, 1, -1, 1, -1, 1, -1, 1, -1, 1, -1, 1, -1, 0, 0, 1, -1, 1, -1, 1, -1, 1, -1, 1, -1, 1, -1, -1, 1, 0, 0, 1, -1]
model_scores is [3, -3, 3, -3, 3, -3, 3, -4, 2, -4, 4, -4, 3, -3, -1, -1, 3, -4, 2, -4, 4, -4, -2, -2, 2, -4, 2, -4, 4, -4, 4, -4, 4, -4, 4, -4, 2, -2, 4, -2, -2, 2]
75: 准确率为0.6944444444444444, kendall系数为0.4708232822900383, spearman系数为0.553180331793361
human_scores is [0, 0, 1, -1, 0, 0, 1, -1, 1, -1, 1, -1, 1, -1, 0, 0, 1, -1, 1, -1, 1, -1, -1, 1, 0, 0, 0, 0, 1, -1, 1, -1, 1, -1, 1, -1, 0, 0, 1, -1, 1, -1]
model_scores is [2, -2, 4, -2, 4, -2, 4, -2, 4, -3, 4, -3, -4, 0, 0, 2, 0, -4, 1, -2, 0, -2, 0, -2, 2, 2, 0, -2, 0, -4, 0, -2, 1, -3, 0, -2, 4, -2, 2, -2, -2, 0]
76: 准确率为0.7666666666666667, kendall系数为0.44191430128384, spearman系数为0.5240769782685185
human_scores is [0, 0, 1, -1, -1, 1, 1, -1, 1, -1, 1, -1, 1, -1, -1, 1, 1, -1, 1, -1, 1, -1, -1, 1, 0, 0, 1, -1, 1, -1, 1, -1, 1, -1, 1, -1, 1, -1, 1, -1, 0, 0]
model_scores is [2, 0, 2, -4, -2, 4, -2, 2, 4, -4, 4, -4, 0, -2, -2, 4, -2, 2, 4, -4, 4, -4, -3, 4, -4, 4, 4, -2, 4, -2, 4, 0, 4, -2, 4, -4, 4, -4, 4, -4, 2, 2]
77: 准确率为0.8611111111111112, kendall系数为0.6994966239954178, spearman系数为0.784466724244938
human_scores is [1, -1, 1, -1, 0, 0, 1, -1, 1, -1, 1, -1, 0, 0, -1, 1, 0, 0, -1, 1, 0, 0, -1, 1, 0, 0, -1, 1, 0, 0, 1, -1, 1, -1, 1, -1, -1, 1, 0, 0, 1, -1]
model_scores is [2, -2, 4, -2, 0, -4, 2, -2, 4, -2, 4, -2, -2, 4, -4, 4, 2, 2, 2, 0, 2, 0, -2, 4, 4, -2, 4, 0, 2, -2, 4, -4, 4, -4, 4, -4, 0, 0, 2, 0, 2, 0]
78: 准确率为0.8392857142857143, kendall系数为0.5596155114735795, spearman系数为0.6390811482362632
human_scores is [1, -1, 1, -1, 1, -1, 1, -1, 1, -1, 1, -1, 0, 0, 0, 0, 1, -1, 1, -1, 1, -1, 0, 0, 1, -1, 1, -1, 1, -1, 1, -1, 1, -1, 1, -1, 0, 0, 0, 0, 0, 0]
model_scores is [-1, -2, 2, -4, -3, -4, 1, -2, 2, -4, 2, -3, 0, -2, 2, 2, -4, 0, 4, -2, 4, 0, -2, 2, -4, 0, 0, 0, 0, 0, -4, 0, 2, 0, 2, 0, 4, -4, 4, -4, 0, 0]
79: 准确率为0.6666666666666666, kendall系数为0.24205691334017843, spearman系数为0.2914437082954409
human_scores is [0, 0, 0, 0, 0, 0, 1, -1, 1, -1, 1, -1, 0, 0, 0, 0, 1, -1, 1, -1, 1, -1, 0, 0, 1, -1, 1, -1, 1, -1, 1, -1, 1, -1, 1, -1, -1, 1, -1, 1, -1, 1]
model_scores is [0, 0, 4, -2, 4, -2, 2, -2, 2, -4, 4, -2, 4, -2, 4, -2, -2, -4, 0, -2, 0, -4, 0, 2, 0, 0, -2, 0, 0, 0, 0, 0, 0, 2, 0, 0, 2, 0, 2, -2, -2, -2]
80: 准确率为0.55, kendall系数为0.14466382145076995, spearman系数为0.1699049145291202
human_scores is [0, 0, 1, -1, 0, 0, 1, -1, 1, -1, 1, -1, 1, -1, 0, 0, 1, -1, 1, -1, 1, -1, -1, 1, -1, 1, 0, 0, 0, 0, 1, -1, 1, -1, 1, -1, 1, -1, 1, -1, 0, 0]
model_scores is [3, -4, 4, -3, 1, 1, 4, -3, 4, -3, 4, -3, 2, 0, -4, 4, -2, -2, 4, 0, 0, 0, -3, 4, 0, 4, 2, 0, -4, 4, 4, -4, 4, -3, 2, -3, 0, -2, 2, 0, -2, 4]
81: 准确率为0.85, kendall系数为0.5489564448861715, spearman系数为0.6643637296422953
human_scores is [-1, 1, 1, -1, 1, -1, 1, -1, 1, -1, 1, -1, 1, -1, 1, -1, 1, -1, 1, -1, 1, -1, 0, 0, 0, 0, 1, -1, 1, -1, 0, 0, 1, -1, 1, -1, 1, -1, 1, -1, 0, 0]
model_scores is [3, -2, 4, -4, 2, -4, 4, -2, 4, -2, 4, -2, 0, 0, -2, 4, -2, 4, -2, 0, -2, -2, -4, 4, -2, 2, -2, 2, -2, 0, -2, -2, 4, -2, 2, -2, 4, -2, 2, -2, -2, 0]
82: 准确率为0.6176470588235294, kendall系数为0.22354014624315058, spearman系数为0.25856398987788803
human_scores is [0, 0, 1, -1, 1, -1, 1, -1, 1, -1, 1, -1, 1, -1, 1, -1, 1, -1, 1, -1, 1, -1, 0, 0, 1, -1, 1, -1, 1, -1, 1, -1, 1, -1, 1, -1, 0, 0, 0, 0, 0, 0]
model_scores is [4, -4, 4, -4, 2, -4, 4, -4, 4, -4, 4, -4, 1, -1, -4, 2, -1, -4, 1, -2, 1, -2, -4, 0, -2, -2, 0, -2, 1, -2, 2, -2, 4, -4, 4, -4, 4, 0, 2, 0, 2, -2]
83: 准确率为0.859375, kendall系数为0.536229901497172, spearman系数为0.6344938769225829
human_scores is [0, 0, -1, 1, 0, 0, 0, 0, 1, -1, 1, -1, -1, 1, 0, 0, 0, 0, 1, -1, 1, -1, 1, -1, 1, -1, 1, -1, 1, -1, 0, 0, 1, -1, 1, -1, 1, -1, 1, -1, 0, 0]
model_scores is [4, 0, 4, -4, 4, -4, 4, -4, 4, -4, 4, -4, 0, -2, 4, -4, 0, 2, 4, -2, 2, 0, 2, -2, 0, 4, 4, -2, 2, 0, -4, 2, 0, -2, 0, 0, 4, -4, 2, 0, 0, 4]
84: 准确率为0.7142857142857143, kendall系数为0.2816345940034788, spearman系数为0.34473986717684124
human_scores is [1, -1, 0, 0, 1, -1, 1, -1, 1, -1, 1, -1, -1, 1, 0, 0, 1, -1, 1, -1, 1, -1, 1, -1, 1, -1, 1, -1, 1, -1, 1, -1, 1, -1, 1, -1, 1, -1, 1, -1, 0, 0]
model_scores is [3, -4, 3, -4, 1, -3, 3, -3, 4, -3, 3, -3, -2, 0, -3, 3, 4, -4, 4, 0, 3, -2, -2, 2, 4, -4, 4, -4, 2, -4, 3, -4, 3, -4, 3, -4, -2, 4, -2, 2, 3, -4]
85: 准确率为0.8055555555555556, kendall系数为0.5391967648122259, spearman系数为0.6441242652344216
human_scores is [-1, 1, 0, 0, 0, 0, 1, -1, 1, -1, 1, -1, 1, -1, 1, -1, 1, -1, 1, -1, 1, -1, 0, 0, 1, -1, 1, -1, 1, -1, 1, -1, 1, -1, 1, -1, 0, 0, 0, 0, 0, 0]
model_scores is [-1, 2, 2, -4, 4, 0, 3, -3, 3, -2, 2, -4, 2, -4, 4, -2, 4, -4, 4, -4, 2, -4, -4, 2, -2, 2, -2, 2, 2, 0, 3, 0, 0, -2, 2, -4, -2, 0, 0, -2, 2, -2]
86: 准确率为0.8166666666666667, kendall系数为0.5309209409256798, spearman系数为0.6235747638504233
human_scores is [1, -1, 1, -1, 1, -1, 1, -1, 1, -1, 1, -1, 0, 0, 0, 0, 0, 0, 0, 0, 1, -1, 0, 0, 0, 0, 0, 0, 1, -1, 0, 0, 0, 0, 1, -1, 0, 0, 1, -1, 1, -1]
model_scores is [4, -2, 4, -2, 2, 0, 0, 0, 4, -3, 4, -2, 0, -4, 0, 2, -2, 2, 2, -3, 2, 0, 0, 4, -2, 2, 2, 0, 4, -2, -2, 0, 2, -3, 4, -2, 4, -3, 4, -2, 2, 0]
87: 准确率为0.8863636363636364, kendall系数为0.5497548992862845, spearman系数为0.6410091780855959
human_scores is [-1, 1, -1, 1, -1, 1, -1, 1, 1, -1, -1, 1, 0, 0, 0, 0, 0, 0, 1, -1, 0, 0, 0, 0, 0, 0, 1, -1, 0, 0, 0, 0, 1, -1, 0, 0, 1, -1, 0, 0, -1, 1]
model_scores is [-2, -4, -2, 0, -4, 0, -2, 0, 0, -2, 2, -4, -4, 2, -2, 4, -2, -2, 2, -2, 0, -4, -4, -1, -2, -4, -2, -3, 2, -4, 2, -4, 2, -4, 4, -4, 0, -4, 0, -4, 0, -4]
88: 准确率为0.6363636363636364, kendall系数为0.14075514095678554, spearman系数为0.1749588685056871
human_scores is [0, 0, 1, -1, 1, -1, 1, -1, 1, -1, 1, -1, 1, -1, 1, -1, 1, -1, 1, -1, 1, -1, -1, 1, 0, 0, 0, 0, 0, 0, 1, -1, 1, -1, 1, -1, 0, 0, 0, 0, 0, 0]
model_scores is [-2, 0, 4, -4, 0, -4, 4, -4, 4, -4, 4, -4, 4, -4, 2, -4, 4, -4, 4, -2, 4, -2, -2, 4, 0, 0, 2, 0, 2, 0, 4, -2, 4, -2, 2, -2, 2, -2, 2, 0, 0, 4]
89: 准确率为0.9821428571428571, kendall系数为0.8378600953906106, spearman系数为0.9017076157266797
human_scores is [1, -1, 1, -1, 1, -1, 1, -1, 1, -1, 1, -1, 0, 0, 0, 0, 0, 0, 1, -1, 1, -1, 0, 0, 0, 0, 1, -1, 1, -1, 0, 0, 1, -1, 1, -1, 1, -1, 1, -1, 0, 0]
model_scores is [4, -4, 4, -4, 4, -4, 4, -4, 4, -4, 4, -4, -1, -1, 0, 2, -2, 0, 2, -4, 2, -4, 1, 2, -3, 2, 0, -4, 2, -4, -2, 0, 2, -4, 4, -4, 4, -4, 2, -4, -2, 0]
90: 准确率为0.9821428571428571, kendall系数为0.8744302601599409, spearman系数为0.9354894436602508
human_scores is [1, -1, 0, 0, 0, 0, 0, 0, 0, 0, 1, -1, -1, 1, -1, 1, -1, 1, -1, 1, 1, -1, 0, 0, 0, 0, 0, 0, 1, -1, 0, 0, 0, 0, 1, -1, 0, 0, 1, -1, 1, -1]
model_scores is [2, -2, 2, -4, 3, -2, 2, -4, 2, -4, 4, -2, -2, 0, -4, 2, -4, 2, 2, -2, 4, -2, -4, 0, -2, 4, 2, -4, 2, -4, 0, -4, 2, -4, 4, -4, 0, -4, 2, -4, 0, 2]
91: 准确率为0.8181818181818182, kendall系数为0.4160995406433451, spearman系数为0.4925992574456635
human_scores is [1, -1, 1, -1, 1, -1, 1, -1, 1, -1, 1, -1, 1, -1, 0, 0, 1, -1, 1, -1, 1, -1, -1, 1, 1, -1, 0, 0, 0, 0, 1, -1, 1, -1, 1, -1, -1, 1, -1, 1, 0, 0]
model_scores is [-2, -4, 0, -2, 2, -2, 2, -2, 4, -4, 4, -4, 0, -2, -4, -2, 4, -2, -2, -4, 0, -4, -2, -2, 2, 0, 4, -2, 0, -2, 2, -3, 4, -4, 2, -3, -2, 2, 0, 2, 0, 2]
92: 准确率为0.8382352941176471, kendall系数为0.6071206279074621, spearman系数为0.7056205851334452
human_scores is [0, 0, 0, 0, 0, 0, 0, 0, 1, -1, 1, -1, 0, 0, 0, 0, 0, 0, 1, -1, 1, -1, 0, 0, 0, 0, 1, -1, 1, -1, 0, 0, 1, -1, 1, -1, 1, -1, 1, -1, 0, 0]
model_scores is [0, -2, -1, -4, -1, 1, 1, -2, 4, -4, 2, -4, 0, -2, -4, 2, -4, 0, 2, -2, 4, -2, -4, 2, -4, 0, 4, -2, 2, 0, -2, -4, 2, -4, 2, -4, 4, -4, 4, -4, -2, 2]
93: 准确率为0.975, kendall系数为0.6556977680257545, spearman系数为0.7380166912445197
human_scores is [0, 0, 1, -1, 1, -1, 0, 0, 1, -1, 1, -1, 1, -1, 1, -1, 0, 0, 1, -1, 1, -1, 0, 0, -1, 1, 1, -1, 1, -1, -1, 1, 1, -1, 1, -1, 1, -1, 1, -1, 0, 0]
model_scores is [-1, -3, 3, -3, 3, -3, 3, -3, 3, -3, 3, -3, 4, -4, 4, -4, 2, -2, 4, -4, 4, -4, 0, -4, 0, -2, 4, -4, 4, 0, 0, 0, 4, -2, 4, 0, 1, -2, 2, -1, -2, 4]
94: 准确率为0.890625, kendall系数为0.6204946084162096, spearman系数为0.7394312210930657
human_scores is [1, -1, 1, -1, 1, -1, 1, -1, 1, -1, 1, -1, -1, 1, 0, 0, 0, 0, 1, -1, 1, -1, 1, -1, 1, -1, 1, -1, 1, -1, 0, 0, 1, -1, 1, -1, 1, -1, 1, -1, 0, 0]
model_scores is [4, -4, 4, -4, 4, -4, 2, -3, 4, -3, 4, -4, -2, 4, 2, 0, -4, 4, 1, -1, 2, 0, 4, -2, -2, 0, 4, -3, 4, -2, -4, 4, 3, -1, 4, 0, 3, -3, 4, -4, 2, 0]
95: 准确率为0.9264705882352942, kendall系数为0.6585298716156293, spearman系数为0.7769514854485979
human_scores is [-1, 1, -1, 1, -1, 1, -1, 1, 1, -1, 0, 0, 1, -1, 1, -1, 1, -1, 1, -1, 1, -1, 0, 0, 0, 0, 1, -1, 1, -1, 0, 0, 1, -1, 1, -1, 1, -1, 1, -1, -1, 1]
model_scores is [1, -1, -1, -1, 0, 1, 2, -3, 2, -4, 4, -4, -2, 3, -4, 1, 2, 1, 4, -4, 2, -3, 1, 1, 3, -2, 2, -4, 4, -2, 3, 0, 3, -4, 4, -4, 0, 0, 4, -2, 0, 2]
96: 准确率为0.6470588235294118, kendall系数为0.3308297697223148, spearman系数为0.4015598368738734
human_scores is [-1, 1, 1, -1, 1, -1, 1, -1, 1, -1, 1, -1, 1, -1, 1, -1, 1, -1, 1, -1, 1, -1, 0, 0, 0, 0, 0, 0, 1, -1, 0, 0, 0, 0, 1, -1, 0, 0, 1, -1, 1, -1]
model_scores is [2, 0, 4, -2, -4, 2, 2, -2, 2, -2, 4, -2, 2, 2, -4, 4, -2, -2, -2, 0, 4, -2, -2, 4, 0, 2, 2, 2, 2, 0, 2, 0, 2, 0, 4, -4, 2, -2, 4, -2, 0, -2]
97: 准确率为0.6666666666666666, kendall系数为0.283894796705145, spearman系数为0.3119875207487501
human_scores is [1, -1, 1, -1, 1, -1, 1, -1, 1, -1, 1, -1, 1, -1, 1, -1, 0, 0, 1, -1, 1, -1, 0, 0, -1, 1, 1, -1, 0, 0, -1, 1, 1, -1, 0, 0, 1, -1, 1, -1, -1, 1]
model_scores is [2, -3, 3, -2, 3, -4, 3, -4, 3, -3, 3, -3, 0, -2, 0, 0, 1, -2, 2, -2, 1, -2, -4, 3, -2, 0, 0, 0, 1, 0, 3, -2, 1, -4, 3, -4, 0, -2, 3, -2, 2, -2]
98: 准确率为0.7794117647058824, kendall系数为0.4516010906092184, spearman系数为0.5528176107882439
human_scores is [0, 0, 1, -1, 1, -1, 1, -1, 1, -1, 1, -1, 1, -1, 1, -1, 1, -1, 1, -1, 1, -1, 0, 0, 0, 0, 1, -1, 1, -1, 0, 0, 1, -1, 1, -1, 1, -1, 1, -1, 0, 0]
model_scores is [-1, -2, 3, -4, -4, 0, 2, -2, 4, -4, 4, -4, 2, -4, 0, 2, 0, -2, 4, -2, 4, -4, -4, 4, -4, 0, 4, 0, 2, -2, 4, -2, 4, -4, 4, -4, 4, -4, 4, -4, -2, 2]
99: 准确率为0.875, kendall系数为0.6083275357214213, spearman系数为0.7014521342802084
平均准确率为0.8048374149500311, 平均kendall系数为0.520268039225862, 平均spearman系数为0.6006555363832117
