human_scores is [1, -1, 0, 0, 1, -1, 1, -1, 1, -1, 1, -1, -1, 1, 1, -1, 1, -1, 0, 0, 1, -1, 1, -1, 1, -1, 1, -1, 1, -1, -1, 1, -1, 1, 0, 0, -1, 1, 1, -1, 1, -1]
model_scores is [-3, 1, -3, -3, 3, -1, 1, -3, 3, -3, 1, -3, -1, -3, -1, -1, 1, -3, 3, -3, 3, -3, -1, 1, 1, 1, 3, -3, 3, -3, 1, -3, 3, -3, 1, -3, 1, -1, 3, -3, 1, -3]
0: 准确率为0.6388888888888888, kendall系数为0.28356543640780024, spearman系数为0.32871412041808384
human_scores is [0, 0, -1, 1, -1, 1, 1, -1, -1, 1, -1, 1, -1, 1, -1, 1, 1, -1, -1, 1, -1, 1, 0, 0, 1, -1, -1, 1, 0, 0, 1, -1, -1, 1, 0, 0, -1, 1, -1, 1, 1, -1]
model_scores is [3, -3, 1, -1, 1, -1, 3, -3, 3, -3, 3, -3, -1, 1, -3, 3, 1, -3, 3, -3, 3, -3, -3, 3, 1, -3, 1, -3, 3, -3, 3, -3, 3, -3, 3, -3, -1, -3, -1, -3, -3, -1]
1: 准确率为0.4411764705882353, kendall系数为0.15359793172561576, spearman系数为0.18024290500833562
human_scores is [0, 0, -1, 1, 0, 0, 0, 0, 0, 0, 1, -1, -1, 1, 0, 0, 0, 0, 0, 0, 1, -1, 1, -1, 1, -1, 1, -1, 1, -1, 0, 0, 0, 0, 1, -1, 0, 0, 1, -1, 1, -1]
model_scores is [-1, 1, 3, -3, -3, -3, -1, -1, 3, -3, 3, -3, 1, -3, 1, -1, -1, -3, 3, -3, 3, -3, -3, 1, -3, 1, 1, -3, 3, -3, -1, -3, 3, -3, 3, -3, 1, -3, 3, -3, 1, -3]
2: 准确率为0.6363636363636364, kendall系数为0.2374175201943595, spearman系数为0.26637931101579126
human_scores is [1, -1, 1, -1, 1, -1, 1, -1, 1, -1, 1, -1, 1, -1, 0, 0, -1, 1, 1, -1, 1, -1, -1, 1, -1, 1, 0, 0, 1, -1, -1, 1, 1, -1, 1, -1, 1, -1, 1, -1, 1, -1]
model_scores is [1, 1, 3, -3, 3, -3, 3, -3, 3, -3, 3, -3, 3, -3, 3, -1, 3, -3, 3, -3, 3, -3, -3, 3, -1, -3, -1, -1, -1, -3, 3, -3, 3, -3, 3, -3, -3, -1, -1, -3, 1, -3]
3: 准确率为0.7631578947368421, kendall系数为0.518537302256718, spearman系数为0.5537404763922757
human_scores is [-1, 1, 0, 0, 0, 0, 0, 0, -1, 1, 1, -1, 1, -1, 1, -1, 1, -1, 0, 0, 1, -1, 0, 0, 0, 0, -1, 1, 1, -1, 0, 0, -1, 1, 1, -1, -1, 1, 1, -1, 1, -1]
model_scores is [1, 1, 3, -3, 1, 1, 3, -3, 3, -3, 3, -3, 1, -3, -3, 1, 1, -3, 1, -3, 3, -3, -3, 3, -3, -1, -3, -3, -1, -3, 3, -3, 3, -3, 3, -3, 1, -3, 1, -3, -1, -3]
4: 准确率为0.5714285714285714, kendall系数为0.15319154484076872, spearman系数为0.176802601992774
human_scores is [-1, 1, 0, 0, 1, -1, 1, -1, 0, 0, 1, -1, 1, -1, 1, -1, 1, -1, 1, -1, 1, -1, 1, -1, 1, -1, 0, 0, 1, -1, 1, -1, -1, 1, 1, -1, -1, 1, 0, 0, 1, -1]
model_scores is [-3, -1, -3, -3, -1, -1, -1, -3, 3, -3, 3, -3, -3, -3, -1, -1, 1, -3, 3, -3, 3, -3, -3, -1, 3, -3, 3, -3, 3, -3, 3, -3, 3, -3, 3, -3, 1, -3, 1, -3, -1, -3]
5: 准确率为0.6764705882352942, kendall系数为0.3873533603132295, spearman系数为0.4439645851376098
human_scores is [-1, 1, 1, -1, 1, -1, 1, -1, 0, 0, 1, -1, 1, -1, 1, -1, 1, -1, 1, -1, 1, -1, 0, 0, 1, -1, -1, 1, 1, -1, 1, -1, -1, 1, 1, -1, -1, 1, 0, 0, 1, -1]
model_scores is [-3, 3, 1, -1, 1, -1, 1, -3, 3, -3, 3, -3, 3, -3, 3, -3, 3, -3, 3, -3, 3, -3, -3, 1, 1, -1, 3, -3, 3, -3, 3, -3, 3, -3, 3, -3, 3, -3, 1, -3, -3, -1]
6: 准确率为0.8055555555555556, kendall系数为0.4124733060307291, spearman系数为0.4566257463104839
human_scores is [-1, 1, 1, -1, 0, 0, -1, 1, 1, -1, 1, -1, 1, -1, 1, -1, 0, 0, 1, -1, 1, -1, -1, 1, -1, 1, 0, 0, 0, 0, -1, 1, 1, -1, 1, -1, 1, -1, 1, -1, 0, 0]
model_scores is [-1, -3, 3, -3, 1, 1, 3, -3, 3, -3, 3, -3, 3, -3, -1, 1, 1, -3, 3, -3, 3, -3, -3, 1, -3, 1, 1, -3, -1, -3, 3, -1, 3, -3, 3, -3, 3, -3, 3, -3, -1, -3]
7: 准确率为0.78125, kendall系数为0.5360376235665619, spearman系数为0.5837305641136775
human_scores is [-1, 1, -1, 1, 0, 0, 0, 0, 0, 0, -1, 1, 1, -1, 1, -1, 1, -1, 1, -1, 1, -1, 1, -1, 1, -1, 1, -1, 1, -1, 0, 0, 0, 0, -1, 1, 0, 0, -1, 1, -1, 1]
model_scores is [1, -3, 1, -3, -1, -1, -1, 3, 3, -3, 3, -3, 1, -3, 1, -3, -1, -1, 1, -3, 3, -3, -3, 3, -3, 3, -3, -3, 1, -3, -3, 1, 3, -3, 3, -3, 3, -3, 3, -3, -1, -3]
8: 准确率为0.43333333333333335, kendall系数为0.18261645949860533, spearman系数为0.20854663969694373
human_scores is [0, 0, -1, 1, 0, 0, -1, 1, 0, 0, -1, 1, -1, 1, 0, 0, -1, 1, 0, 0, -1, 1, 1, -1, 1, -1, 1, -1, 0, 0, -1, 1, 0, 0, -1, 1, 1, -1, -1, 1, -1, 1]
model_scores is [-3, 3, 1, -3, 3, -3, 1, -3, 3, -3, 3, -3, 3, -3, 3, -3, 1, -3, 3, -3, 3, -3, -3, -3, -1, -3, 1, -3, 1, -3, 1, -3, 1, -3, 3, -3, -3, -3, -1, -3, -1, -3]
9: 准确率为0.25, kendall系数为0.38756427573834934, spearman系数为0.45391796277776125
human_scores is [-1, 1, -1, 1, -1, 1, -1, 1, -1, 1, 0, 0, 0, 0, 1, -1, 0, 0, 1, -1, 1, -1, 1, -1, 0, 0, 1, -1, 1, -1, -1, 1, 0, 0, 1, -1, 1, -1, 1, -1, 1, -1]
model_scores is [-3, 3, -1, -1, -1, 3, 1, -3, 1, -3, 3, -3, 3, -3, -1, -3, 3, -3, 3, -3, 3, -3, -3, 1, 1, -3, 3, -3, 1, -3, 1, -3, 1, -3, 3, -3, -3, -1, 1, -3, 1, -3]
10: 准确率为0.65625, kendall系数为0.28219768050872235, spearman系数为0.32744025270775534
human_scores is [-1, 1, -1, 1, 0, 0, -1, 1, 0, 0, 1, -1, -1, 1, 1, -1, 0, 0, 1, -1, 1, -1, 1, -1, 1, -1, 1, -1, 1, -1, -1, 1, 0, 0, 1, -1, 1, -1, 1, -1, 1, -1]
model_scores is [-3, 3, 1, -3, -3, -1, 1, 3, 3, -3, 3, -3, 3, -3, 3, -3, 1, -3, 3, -3, 3, -3, -3, -1, -1, 1, 1, -3, 3, -3, 1, 3, 3, -3, 3, -3, 1, -3, 3, -3, -3, -3]
11: 准确率为0.7058823529411765, kendall系数为0.41786995664407467, spearman系数为0.47193041461631047
human_scores is [0, 0, 1, -1, 1, -1, 1, -1, 1, -1, 1, -1, 1, -1, 1, -1, 1, -1, 1, -1, 1, -1, -1, 1, 0, 0, 0, 0, 0, 0, 1, -1, 1, -1, 1, -1, 0, 0, 0, 0, 0, 0]
model_scores is [-3, 1, 1, -1, -1, -1, 3, -1, 3, -3, 3, -3, 3, -3, 3, -3, 3, -3, 3, -3, 3, -3, -1, 1, 1, -1, 3, -3, 3, -3, 1, -3, 3, -3, 3, -3, 3, -3, 3, -3, -1, -3]
12: 准确率为0.9642857142857143, kendall系数为0.636498283540538, spearman系数为0.7295933850499632
human_scores is [0, 0, 0, 0, 0, 0, 1, -1, -1, 1, 0, 0, 0, 0, 0, 0, 1, -1, -1, 1, 0, 0, 0, 0, 1, -1, -1, 1, 0, 0, 1, -1, -1, 1, 0, 0, -1, 1, -1, 1, 1, -1]
model_scores is [-3, 3, 1, -1, -3, 1, 1, -3, 3, -3, 3, -3, 1, -3, 1, -3, 3, -3, 3, -3, 3, -3, -3, 1, 1, -3, 3, -1, 3, -3, 3, -3, 3, -3, 3, -3, -1, -1, -3, -3, -1, -3]
13: 准确率为0.5, kendall系数为0.010307452697780098, spearman系数为0.01732375658462466
human_scores is [-1, 1, -1, 1, 0, 0, -1, 1, -1, 1, 1, -1, -1, 1, 1, -1, 0, 0, 0, 0, 1, -1, 1, -1, 1, -1, 1, -1, 1, -1, -1, 1, -1, 1, 1, -1, 0, 0, 1, -1, 1, -1]
model_scores is [-1, 1, -1, 1, 3, -1, 3, -3, 3, -3, 3, -3, -1, -1, 1, -3, 1, -3, 1, -3, 3, -3, 1, -3, 1, -3, 3, -3, 3, -3, -1, -1, 1, -3, 3, -3, 1, -3, 3, -3, -1, -3]
14: 准确率为0.7352941176470589, kendall系数为0.37687557645008324, spearman系数为0.4282371255300355
human_scores is [-1, 1, 0, 0, 0, 0, 1, -1, -1, 1, -1, 1, 1, -1, 1, -1, 1, -1, 0, 0, 0, 0, 0, 0, 1, -1, -1, 1, -1, 1, 1, -1, -1, 1, -1, 1, -1, 1, -1, 1, 0, 0]
model_scores is [-3, 1, 3, -3, -3, -1, 1, -3, 3, -3, 3, -3, 3, -3, -3, -3, 3, -3, 3, -3, 3, -3, -3, 1, -3, 1, -1, -3, -1, -3, 1, -3, 3, -3, 3, -3, 3, -3, 3, -3, -3, -3]
15: 准确率为0.43333333333333335, kendall系数为0.2099458016555587, spearman系数为0.2366806650007867
human_scores is [-1, 1, -1, 1, -1, 1, -1, 1, 0, 0, -1, 1, -1, 1, 1, -1, -1, 1, 1, -1, 1, -1, 1, -1, 0, 0, 1, -1, 1, -1, -1, 1, 1, -1, 0, 0, 1, -1, 1, -1, -1, 1]
model_scores is [-3, 3, 1, -3, -1, 1, 1, -3, 3, -3, 3, -3, 3, -3, 3, -3, 3, -3, 3, -3, 3, -3, -3, 3, -1, -3, -1, -3, 1, -3, 3, -3, 3, -3, 3, -3, -3, -1, -3, -1, -1, -1]
16: 准确率为0.5, kendall系数为0.05283688541235345, spearman系数为0.05883587827945688
human_scores is [-1, 1, -1, 1, -1, 1, 1, -1, 1, -1, 0, 0, 0, 0, 0, 0, 1, -1, 1, -1, 1, -1, 0, 0, 1, -1, 1, -1, 1, -1, 1, -1, 1, -1, 1, -1, 0, 0, -1, 1, -1, 1]
model_scores is [-1, 1, 1, -3, -3, 1, -1, -3, 3, -3, 3, -3, 1, -3, -3, 1, -1, -3, 3, -3, 3, -3, -3, 3, -1, 1, 3, -3, 3, -3, 1, -3, 3, -3, 3, -3, 1, -3, 3, -3, 1, -3]
17: 准确率为0.6875, kendall系数为0.39365709848142794, spearman系数为0.4500545028835325
human_scores is [1, -1, -1, 1, 0, 0, 1, -1, 1, -1, 0, 0, -1, 1, -1, 1, 1, -1, 0, 0, -1, 1, 1, -1, 1, -1, 1, -1, 1, -1, 1, -1, 1, -1, 0, 0, -1, 1, -1, 1, -1, 1]
model_scores is [1, -3, 3, -3, 1, -1, 1, -3, 2, -3, 3, -3, 3, -3, -1, -1, 3, -3, 2, -2, 2, -3, -3, -1, -3, -3, 0, -3, -1, -3, -1, -3, 3, -3, 3, -3, 0, -3, -3, -3, -2, -2]
18: 准确率为0.5588235294117647, kendall系数为0.11426441007285072, spearman系数为0.13686083022601064
human_scores is [0, 0, 0, 0, -1, 1, -1, 1, 0, 0, 0, 0, 0, 0, -1, 1, -1, 1, 0, 0, 0, 0, -1, 1, -1, 1, 0, 0, 0, 0, 0, 0, 1, -1, 1, -1, 1, -1, 1, -1, 0, 0]
model_scores is [-1, -3, 3, -3, -1, -1, 3, -3, 3, -3, 3, -3, 1, -3, -1, 1, 1, -3, 3, -3, 3, -3, -3, 1, -1, -3, 3, -3, 3, -3, -1, -3, 3, -3, 3, -3, 3, -3, 3, -3, -1, -3]
19: 准确率为0.7, kendall系数为0.18669032845698222, spearman系数为0.2185937003333392
human_scores is [1, -1, 1, -1, 1, -1, 1, -1, 1, -1, 1, -1, 1, -1, 0, 0, 0, 0, 1, -1, 0, 0, -1, 1, -1, 1, 0, 0, -1, 1, 0, 0, 1, -1, 0, 0, 1, -1, 0, 0, -1, 1]
model_scores is [-3, 1, 1, -3, 1, -3, -1, -1, 3, -3, 3, -3, 1, -3, 1, -2, 1, -2, 3, -3, 3, -3, -3, -1, -1, -1, 1, -3, -1, -3, -3, -1, 2, -3, 1, -3, 1, -3, 2, -3, -3, -1]
20: 准确率为0.75, kendall系数为0.4470277827932336, spearman系数为0.518972010811771
human_scores is [1, -1, 0, 0, 0, 0, -1, 1, 0, 0, 0, 0, -1, 1, -1, 1, -1, 1, -1, 1, -1, 1, 0, 0, -1, 1, 0, 0, 0, 0, -1, 1, 0, 0, 0, 0, 1, -1, 1, -1, 0, 0]
model_scores is [-3, 1, -1, -3, 1, -1, 3, -3, 3, -3, 3, -3, 3, -3, 3, -3, 3, -3, 3, -3, 3, -3, -1, 1, 1, -3, -1, -3, 3, -3, -3, -3, -1, -3, 3, -3, -3, -3, -3, -3, 1, -3]
21: 准确率为0.13636363636363635, kendall系数为0.529310622251969, spearman系数为0.5715790643885976
human_scores is [1, -1, 1, -1, 1, -1, 1, -1, 1, -1, 1, -1, 0, 0, 0, 0, 0, 0, 1, -1, 0, 0, 0, 0, 0, 0, 1, -1, 0, 0, 0, 0, 1, -1, 0, 0, 1, -1, 0, 0, -1, 1]
model_scores is [3, -1, 3, -3, 3, -3, 3, -3, 3, -3, 3, -3, 1, -1, 1, -1, 1, -1, 3, -3, 3, -3, -1, 1, 1, -1, 3, -3, 3, -3, -1, -1, 3, -3, 3, -3, 3, -3, 3, -3, -1, 1]
22: 准确率为1.0, kendall系数为0.7370752424377734, spearman系数为0.7960844238387509
human_scores is [0, 0, 0, 0, 0, 0, 0, 0, 0, 0, 1, -1, 0, 0, 0, 0, 0, 0, 0, 0, 1, -1, 0, 0, 0, 0, 0, 0, 1, -1, 0, 0, 0, 0, 1, -1, 0, 0, 1, -1, 1, -1]
model_scores is [-3, 1, -1, -3, 1, -3, 3, -3, 3, -3, 3, -3, 1, -1, 1, -3, 3, -3, 3, -3, 3, -3, -3, -3, 3, -3, 3, -3, 1, -3, 3, -3, 3, -3, 3, -3, -3, -3, -1, -1, -3, -1]
23: 准确率为0.8333333333333334, kendall系数为0.2931360294506035, spearman系数为0.3300361866741822
human_scores is [-1, 1, 1, -1, 1, -1, -1, 1, -1, 1, 0, 0, 1, -1, 1, -1, 0, 0, 0, 0, 1, -1, 0, 0, -1, 1, -1, 1, -1, 1, -1, 1, -1, 1, -1, 1, 0, 0, 1, -1, 1, -1]
model_scores is [-3, 3, -1, -1, -3, 3, 3, -3, 3, -3, 3, -3, 3, -3, 1, 1, 3, -3, 3, -3, 3, -3, -1, 3, 1, -1, 3, -3, 3, -3, 3, -3, 3, -3, 3, -3, 1, -3, 1, -3, 1, -1]
24: 准确率为0.375, kendall系数为0.2410483653145231, spearman系数为0.2771171568363687
human_scores is [-1, 1, 0, 0, 0, 0, -1, 1, 0, 0, 1, -1, 1, -1, 1, -1, 0, 0, 1, -1, 1, -1, 0, 0, -1, 1, 0, 0, 1, -1, -1, 1, 0, 0, 1, -1, 1, -1, 1, -1, 1, -1]
model_scores is [-3, 1, 3, -3, -1, -3, 1, -3, 3, -3, 3, -3, 3, -3, 1, -3, 1, -3, 3, -3, 3, -3, -3, 3, -3, 1, -3, -1, -1, -3, 1, -3, 3, -3, 3, -3, 3, -3, 3, -3, 1, -3]
25: 准确率为0.8214285714285714, kendall系数为0.5241877966925762, spearman系数为0.5940764256072614
human_scores is [1, -1, 0, 0, 1, -1, 1, -1, 1, -1, 1, -1, -1, 1, 1, -1, 1, -1, 1, -1, 0, 0, 1, -1, 1, -1, 1, -1, 1, -1, 0, 0, 1, -1, -1, 1, 1, -1, -1, 1, -1, 1]
model_scores is [1, -3, 3, -1, 1, -1, 1, -3, 3, -3, 3, -3, 3, -1, -3, 1, 1, -3, 3, -3, 3, -3, -1, 1, 1, -3, 1, -3, 3, -3, 1, -3, 3, -3, 3, -3, -3, -3, 1, -3, 1, -3]
26: 准确率为0.6388888888888888, kendall系数为0.26462209470030357, spearman系数为0.2997193691370177
human_scores is [-1, 1, -1, 1, -1, 1, -1, 1, -1, 1, -1, 1, -1, 1, -1, 1, 0, 0, 0, 0, 0, 0, 0, 0, 1, -1, 1, -1, 1, -1, 1, -1, 1, -1, 1, -1, 0, 0, 0, 0, 0, 0]
model_scores is [1, -3, 1, -3, 3, -3, 1, -3, 3, -3, 3, -3, 1, -3, -1, -1, -1, -1, 3, -3, 3, -3, -3, -1, 1, 1, 3, -3, 3, -3, -3, -3, 1, -3, 3, -3, 1, -3, 3, -3, -1, 1]
27: 准确率为0.39285714285714285, kendall系数为0.13404498046526236, spearman系数为0.1484188476152015
human_scores is [-1, 1, -1, 1, -1, 1, -1, 1, -1, 1, -1, 1, -1, 1, -1, 1, -1, 1, 1, -1, 0, 0, 1, -1, 0, 0, 1, -1, 1, -1, -1, 1, 1, -1, 1, -1, 1, -1, 1, -1, -1, 1]
model_scores is [2, 0, 0, 0, 0, 2, 2, -2, 3, -2, 2, -2, 0, 0, -2, 2, 2, -2, 2, -2, 2, -2, -3, 2, 3, -3, 3, -3, 3, -3, 3, -2, 2, -2, 2, -2, 3, -3, 3, -3, -3, -3]
28: 准确率为0.5526315789473685, kendall系数为0.14214901482001674, spearman系数为0.16486433844366344
human_scores is [-1, 1, -1, 1, 1, -1, -1, 1, 1, -1, 0, 0, -1, 1, 1, -1, -1, 1, 1, -1, 1, -1, 1, -1, 0, 0, 1, -1, 1, -1, -1, 1, 1, -1, -1, 1, 1, -1, 1, -1, -1, 1]
model_scores is [-3, 3, -1, -3, 1, -3, -1, -1, 3, -3, 3, -3, 3, -3, 1, -3, 3, -3, 3, -3, 3, -3, -1, -1, -3, 1, 3, -3, 3, -3, 1, 1, 3, -3, 3, -3, 3, -3, 3, -3, -3, -3]
29: 准确率为0.7105263157894737, kendall系数为0.35384663950134054, spearman系数为0.3929991862739734
human_scores is [1, -1, -1, 1, 1, -1, 1, -1, 1, -1, -1, 1, -1, 1, 0, 0, 0, 0, 0, 0, -1, 1, 1, -1, 1, -1, 1, -1, 1, -1, 0, 0, 0, 0, -1, 1, 0, 0, -1, 1, -1, 1]
model_scores is [-3, -3, 1, -3, 1, -3, 3, -3, 3, -3, 3, -3, 1, -3, 1, -3, 1, -3, 3, -3, 3, -3, -3, -3, -3, -3, -3, -3, 1, -3, -3, -3, -1, -3, 1, -3, 1, -3, 1, -3, -3, -3]
30: 准确率为0.43333333333333335, kendall系数为0.09596946660518309, spearman系数为0.10385654114749979
human_scores is [1, -1, 1, -1, 1, -1, 1, -1, 1, -1, 1, -1, 1, -1, 1, -1, 0, 0, 1, -1, 1, -1, -1, 1, -1, 1, -1, 1, -1, 1, -1, 1, 0, 0, 0, 0, 1, -1, 1, -1, 0, 0]
model_scores is [-3, 3, 1, -3, -3, 3, 1, -3, 1, -3, 3, -3, 3, -3, 3, -3, 3, -3, 3, -3, 3, -3, -3, 3, -3, -3, -1, -3, -1, -3, 3, -3, 3, -3, 3, -3, -3, -3, 1, -3, -1, -3]
31: 准确率为0.7058823529411765, kendall系数为0.24505285306838465, spearman系数为0.2750442460824356
human_scores is [1, -1, 1, -1, 1, -1, 1, -1, 1, -1, 1, -1, 0, 0, 1, -1, 1, -1, 1, -1, 1, -1, 1, -1, 1, -1, 1, -1, 1, -1, -1, 1, -1, 1, -1, 1, 0, 0, 0, 0, 0, 0]
model_scores is [-3, -1, 1, -3, -3, 3, 1, -1, 3, -3, 3, -3, 3, -3, -3, 3, 3, -1, 3, -3, 3, -3, -3, 3, -3, -1, -3, -3, -3, -3, 1, -3, 3, -3, 3, -3, 3, -3, 3, -3, -1, -1]
32: 准确率为0.5294117647058824, kendall系数为0.07218858078564731, spearman系数为0.08124148979816921
human_scores is [1, -1, 1, -1, 1, -1, 0, 0, 0, 0, 1, -1, 0, 0, 0, 0, -1, 1, -1, 1, 0, 0, 0, 0, -1, 1, -1, 1, 0, 0, -1, 1, -1, 1, 0, 0, 0, 0, 1, -1, 1, -1]
model_scores is [1, -3, 3, -3, -1, 1, 1, -3, 3, -3, 3, -3, -3, -3, -3, 1, -3, -3, 3, -3, 3, -3, -3, 1, -3, -3, 3, -3, 3, -3, 1, -3, 3, -3, 3, -3, 3, -3, 3, -3, -1, -3]
33: 准确率为0.4583333333333333, kendall系数为0.021576592600105155, spearman系数为0.024462888069235345
human_scores is [1, -1, 1, -1, -1, 1, 0, 0, 0, 0, 0, 0, 0, 0, -1, 1, -1, 1, -1, 1, -1, 1, -1, 1, -1, 1, -1, 1, -1, 1, 1, -1, 1, -1, 1, -1, 0, 0, 0, 0, 0, 0]
model_scores is [-1, -3, 3, -3, 3, -3, 3, -3, 3, -3, 3, -3, 1, -3, 3, -3, 1, -3, 3, -3, 3, -3, -3, -3, -1, -3, -3, -3, -1, -3, -3, -3, -3, -3, -1, -3, -3, -3, -1, -3, -3, -3]
34: 准确率为0.35714285714285715, kendall系数为0.23372544473694648, spearman系数为0.2625819842818387
human_scores is [0, 0, 1, -1, 1, -1, 1, -1, 1, -1, 1, -1, 1, -1, 1, -1, 1, -1, 1, -1, 1, -1, 1, -1, 0, 0, 1, -1, 1, -1, -1, 1, 0, 0, 0, 0, 1, -1, 1, -1, 0, 0]
model_scores is [-1, -1, 3, -3, 3, -3, 3, -3, 3, -3, 3, -3, 3, -3, 3, -3, 3, -3, 3, -3, 3, -3, -3, -3, 1, -3, 3, -3, 3, -3, -3, -3, 3, -3, 3, -3, 3, -3, 3, -3, 1, -3]
35: 准确率为0.9375, kendall系数为0.7764369457390996, spearman系数为0.8095462241260616
human_scores is [-1, 1, 0, 0, 1, -1, 0, 0, 1, -1, 1, -1, 1, -1, 1, -1, 1, -1, 1, -1, 1, -1, 1, -1, 0, 0, 1, -1, 1, -1, -1, 1, 0, 0, 0, 0, 1, -1, 1, -1, 0, 0]
model_scores is [3, -3, 3, -3, 3, -3, 3, -3, 3, -3, 3, -3, -1, -1, -3, -1, -1, -3, 1, -3, 3, -3, -3, -1, 3, -3, 1, -3, 3, -3, 1, -3, 3, -3, 3, -3, -3, -3, -1, -3, -3, -3]
36: 准确率为0.6666666666666666, kendall系数为0.25927233847563963, spearman系数为0.3064015965737723
human_scores is [1, -1, 1, -1, 1, -1, 1, -1, 1, -1, 0, 0, 1, -1, 0, 0, 0, 0, 0, 0, -1, 1, -1, 1, -1, 1, -1, 1, -1, 1, 0, 0, 0, 0, -1, 1, 0, 0, -1, 1, -1, 1]
model_scores is [-1, 1, 3, -3, -3, -1, 1, -3, 3, -3, 3, -3, 1, -3, -3, -1, 1, -3, 1, -3, 3, -3, -3, 1, -3, -3, -1, -3, 1, -3, 1, -3, 3, -3, 3, -3, -1, -3, 1, -3, -3, -3]
37: 准确率为0.5, kendall系数为0.031119148772453323, spearman系数为0.035388121021918746
human_scores is [0, 0, 0, 0, 1, -1, 0, 0, 1, -1, 1, -1, 0, 0, 1, -1, 0, 0, 1, -1, 1, -1, 1, -1, 0, 0, 1, -1, 1, -1, -1, 1, 0, 0, 0, 0, 1, -1, 1, -1, 0, 0]
model_scores is [-3, -3, -1, -3, -3, -1, -3, -3, 3, -3, -1, -3, -1, -1, -3, 3, -1, -3, 3, -3, 3, -3, -3, -1, 1, -3, 1, -3, 3, -3, 3, -3, 3, -3, 3, -3, 3, -3, -1, -3, -3, -3]
38: 准确率为0.6666666666666666, kendall系数为0.25569655743946273, spearman系数为0.28276592749500373
human_scores is [0, 0, 0, 0, 0, 0, -1, 1, -1, 1, -1, 1, 0, 0, 0, 0, -1, 1, -1, 1, -1, 1, 0, 0, -1, 1, -1, 1, -1, 1, -1, 1, -1, 1, -1, 1, 0, 0, 0, 0, 0, 0]
model_scores is [1, 3, 3, 3, 1, -1, 3, -3, 3, -3, 3, -3, 3, -3, 1, -3, 3, -3, 3, -3, 3, -3, -1, 3, 3, -3, 3, -3, 3, -3, 3, -3, 3, -3, 3, -3, 1, -3, 1, -3, -1, -3]
39: 准确率为0.0, kendall系数为0.7916666666666666, spearman系数为0.8378058112981888
human_scores is [0, 0, 1, -1, 1, -1, 1, -1, 1, -1, 1, -1, 1, -1, 1, -1, 1, -1, 1, -1, 1, -1, 0, 0, 1, -1, 1, -1, 1, -1, 1, -1, 1, -1, 1, -1, -1, 1, -1, 1, 0, 0]
model_scores is [-3, 1, 3, -3, 3, -1, 3, -3, 3, -3, 3, -3, 3, -3, 3, -3, 3, -3, 3, -3, 3, -3, -3, 1, -3, -3, 3, -3, 1, -3, 1, -3, 3, -3, 3, -3, 3, -3, 1, -3, -3, -3]
40: 准确率为0.8611111111111112, kendall系数为0.6361421921306869, spearman系数为0.6826586142108044
human_scores is [-1, 1, 0, 0, 0, 0, -1, 1, 0, 0, 0, 0, 1, -1, 1, -1, 1, -1, 1, -1, 1, -1, 0, 0, -1, 1, 0, 0, 0, 0, -1, 1, 0, 0, 0, 0, 1, -1, 1, -1, 0, 0]
model_scores is [-3, 1, -1, -3, -3, 0, -1, -3, 3, -3, 3, -3, 1, -3, 2, 2, 3, -3, 3, -3, 3, -3, -3, 0, -1, -1, 3, -3, 3, -3, 2, -3, 2, -3, 2, -3, 3, -3, 3, -3, -1, -3]
41: 准确率为0.7727272727272727, kendall系数为0.3509993533344489, spearman系数为0.4074995515441004
human_scores is [1, -1, -1, 1, 0, 0, 1, -1, 1, -1, 1, -1, -1, 1, -1, 1, 0, 0, 0, 0, 0, 0, 1, -1, 1, -1, 1, -1, 1, -1, 1, -1, 1, -1, 1, -1, 0, 0, 0, 0, 0, 0]
model_scores is [-3, 1, 1, -3, -1, -3, 1, -3, 3, -3, 3, -3, 3, -3, -1, -3, 3, -3, 3, -3, 3, -3, -3, 1, -1, -1, 1, -3, 1, -3, 3, -3, 3, -3, 3, -3, -1, -3, 1, -3, 1, -3]
42: 准确率为0.6428571428571429, kendall系数为0.21772779868113173, spearman系数为0.2508939901684891
human_scores is [-1, 1, 0, 0, -1, 1, -1, 1, -1, 1, -1, 1, 1, -1, 0, 0, 0, 0, 1, -1, 0, 0, -1, 1, -1, 1, -1, 1, -1, 1, 0, 0, 1, -1, 0, 0, 1, -1, 0, 0, -1, 1]
model_scores is [-3, 3, 1, -3, -3, 1, 1, -3, 3, -3, 3, -3, 3, -3, -1, 1, 3, -3, 3, -3, 3, -3, -3, 3, -3, 3, -3, -1, -1, -1, 1, -3, 3, -3, 3, -3, 1, -1, 3, -1, -1, -1]
43: 准确率为0.6785714285714286, kendall系数为0.2870720076091408, spearman系数为0.3300009845624156
human_scores is [-1, 1, 0, 0, -1, 1, -1, 1, 0, 0, 1, -1, 1, -1, 0, 0, 1, -1, 1, -1, 1, -1, -1, 1, -1, 1, 0, 0, 1, -1, 1, -1, 1, -1, 1, -1, 1, -1, 1, -1, 1, -1]
model_scores is [-3, 1, 3, -3, -3, 1, 1, -3, 3, -3, 3, -3, 3, -3, 3, 1, 3, -3, 3, -3, 3, -3, -3, 3, -3, -1, 1, -3, -1, -3, 1, -3, 3, -3, 3, -3, 1, -3, 1, -3, -1, -1]
44: 准确率为0.8529411764705882, kendall系数为0.6234331679103773, spearman系数为0.7182570662154537
human_scores is [0, 0, 0, 0, 0, 0, 0, 0, 0, 0, -1, 1, 0, 0, 0, 0, 0, 0, 0, 0, -1, 1, 0, 0, 0, 0, 0, 0, -1, 1, 0, 0, 0, 0, -1, 1, 0, 0, -1, 1, -1, 1]
model_scores is [-1, -3, -1, -3, -1, -3, -1, -3, 3, -3, 3, -3, 1, -3, -1, 1, -1, -3, 3, -3, 3, -3, -3, 1, -1, -3, -1, -3, 3, -3, -3, -3, 3, -3, 3, -3, -1, -3, 1, -3, -1, -3]
45: 准确率为0.08333333333333333, kendall系数为0.5513368898854238, spearman系数为0.5956321622095867
human_scores is [0, 0, 0, 0, 0, 0, 0, 0, 0, 0, 0, 0, 0, 0, 0, 0, 0, 0, 0, 0, 0, 0, 0, 0, 0, 0, 0, 0, 0, 0, 0, 0, 0, 0, 0, 0, 0, 0, 0, 0, 0, 0]
model_scores is [-3, 3, 1, -3, -1, -1, 1, -3, 3, -3, 3, -3, 3, -3, 3, -3, 3, -3, 3, -3, 3, -3, -3, -1, 1, -3, 1, -3, 3, -3, 1, -3, 1, -3, 3, -3, -1, -1, -1, -1, -1, -3]
46: 准确率为1, kendall系数为0, spearman系数为0
human_scores is [-1, 1, 1, -1, 0, 0, -1, 1, -1, 1, -1, 1, 1, -1, 1, -1, 1, -1, 1, -1, 0, 0, -1, 1, -1, 1, -1, 1, -1, 1, -1, 1, -1, 1, -1, 1, 0, 0, -1, 1, -1, 1]
model_scores is [-3, 3, 1, -3, 1, -3, 1, -3, 3, -3, 3, -3, 1, -3, 1, -3, 3, -3, 3, -3, 3, -3, -3, 1, 1, -3, 3, -3, -1, -3, 1, -3, 3, -3, 3, -3, 3, -3, 1, -3, -3, -3]
47: 准确率为0.4444444444444444, kendall系数为0.13223592098145726, spearman系数为0.14758265694487277
human_scores is [-1, 1, -1, 1, 0, 0, 0, 0, -1, 1, -1, 1, 0, 0, 1, -1, 1, -1, 0, 0, 0, 0, 1, -1, 1, -1, 0, 0, 0, 0, 0, 0, -1, 1, -1, 1, -1, 1, -1, 1, 0, 0]
model_scores is [-1, -1, 1, -3, 3, -3, 1, -3, 3, -3, 3, -3, 3, -3, 1, -3, 3, -1, 3, -3, 3, -3, -3, 1, -3, -1, 3, -3, 1, -3, 1, 1, 3, -3, 3, -3, 3, -3, 3, -3, -1, -3]
48: 准确率为0.25, kendall系数为0.4197275731700437, spearman系数为0.4828284343353493
human_scores is [1, -1, -1, 1, 1, -1, 1, -1, 1, -1, 1, -1, -1, 1, -1, 1, -1, 1, -1, 1, 0, 0, 1, -1, 1, -1, 1, -1, 1, -1, 0, 0, 0, 0, 1, -1, 0, 0, 1, -1, 1, -1]
model_scores is [1, -3, -1, -3, -1, -1, 3, -3, 1, -3, 3, -3, -3, -1, -3, 3, -3, -1, -1, -3, 3, -3, -1, 1, 3, -3, 3, -3, 3, -3, 3, -3, 3, -3, 3, -3, -1, -3, 3, -3, -1, -3]
49: 准确率为0.7647058823529411, kendall系数为0.5326551814337288, spearman系数为0.61450376381071
human_scores is [0, 0, 0, 0, 1, -1, -1, 1, -1, 1, -1, 1, 0, 0, 1, -1, -1, 1, -1, 1, -1, 1, 1, -1, -1, 1, -1, 1, -1, 1, -1, 1, -1, 1, -1, 1, -1, 1, 0, 0, 1, -1]
model_scores is [-1, -3, 3, -3, -1, -1, 3, -3, 3, -3, 3, -3, 3, -3, -1, -1, 3, -3, 3, -3, 3, -3, -3, 3, -3, -3, 1, -3, 1, -3, 3, -3, 3, -3, 3, -3, 1, -3, 1, -3, -1, -3]
50: 准确率为0.11764705882352941, kendall系数为0.6272007866715852, spearman系数为0.7064093006338684
human_scores is [1, -1, 1, -1, 1, -1, 1, -1, 1, -1, 1, -1, -1, 1, 0, 0, 1, -1, -1, 1, -1, 1, 1, -1, 1, -1, -1, 1, -1, 1, 1, -1, -1, 1, -1, 1, -1, 1, -1, 1, 0, 0]
model_scores is [1, -3, 3, -3, 1, -1, 3, -3, 3, -3, 3, -3, 1, -3, -1, 3, 3, -3, 3, -3, 3, -3, -1, 1, 1, -3, 3, -3, 3, -3, 1, -3, 3, -3, 3, -3, -1, -3, 1, -3, -3, -3]
51: 准确率为0.5, kendall系数为0.041560617145586856, spearman系数为0.046253823587854896
human_scores is [1, -1, 1, -1, -1, 1, 0, 0, -1, 1, -1, 1, 0, 0, -1, 1, -1, 1, -1, 1, -1, 1, -1, 1, -1, 1, -1, 1, -1, 1, 1, -1, 1, -1, 1, -1, -1, 1, -1, 1, 0, 0]
model_scores is [1, -3, 1, -3, 1, -3, 3, -3, 3, -3, 3, -3, 1, -3, -1, -3, 1, -3, 3, -3, 3, -3, 1, -1, 1, -3, 1, -3, 3, -3, 1, -3, 1, -3, 3, -3, -1, -3, 1, -3, 1, -3]
52: 准确率为0.3333333333333333, kendall系数为0.3320687429263498, spearman系数为0.3731651469663998
human_scores is [-1, 1, -1, 1, 1, -1, 1, -1, 1, -1, 1, -1, 0, 0, 1, -1, 1, -1, 1, -1, 1, -1, 1, -1, 1, -1, 1, -1, 1, -1, 0, 0, 0, 0, 1, -1, 0, 0, 1, -1, 1, -1]
model_scores is [-3, -1, 1, -3, -3, 1, 1, -3, 3, -3, 3, -3, 1, -3, -1, 1, 1, -3, 3, -3, 3, -3, -3, 3, -3, -3, -1, -3, 1, -3, 3, -3, 3, -3, 3, -3, -3, -3, -1, -3, -3, -3]
53: 准确率为0.6176470588235294, kendall系数为0.3375311452542213, spearman系数为0.3848567518945476
human_scores is [-1, 1, -1, 1, 1, -1, 0, 0, -1, 1, -1, 1, 0, 0, 1, -1, 1, -1, 0, 0, 0, 0, 1, -1, 1, -1, 0, 0, 0, 0, -1, 1, -1, 1, -1, 1, -1, 1, -1, 1, 0, 0]
model_scores is [-3, 3, -1, -3, -3, 1, 3, -3, 3, -3, 3, -3, 3, -3, 3, -3, 3, -3, 3, -3, 3, -3, -3, 1, -1, -3, 3, -3, 1, -3, 3, -3, 3, -3, 3, -3, 1, -3, -1, -3, -3, -3]
54: 准确率为0.32142857142857145, kendall系数为0.25130421135023245, spearman系数为0.2898814291942521
human_scores is [1, -1, -1, 1, 1, -1, -1, 1, -1, 1, -1, 1, -1, 1, 0, 0, -1, 1, -1, 1, -1, 1, 1, -1, 0, 0, 0, 0, 0, 0, -1, 1, -1, 1, -1, 1, 0, 0, 0, 0, 0, 0]
model_scores is [-1, -3, -1, -3, -1, 1, 1, -3, 3, -3, 3, -3, -3, -3, -3, 1, 1, -3, -1, -3, 1, -3, -3, 3, 1, -3, 3, -3, 1, -3, 3, -3, 3, -3, 3, -3, -1, -1, -1, -3, -1, -3]
55: 准确率为0.14285714285714285, kendall系数为0.5954939629133191, spearman系数为0.6604741788607741
human_scores is [1, -1, 0, 0, 1, -1, 0, 0, 1, -1, 1, -1, -1, 1, 0, 0, -1, 1, 1, -1, 1, -1, 1, -1, 0, 0, 1, -1, 1, -1, -1, 1, 1, -1, 1, -1, 1, -1, 1, -1, 0, 0]
model_scores is [-3, 1, -1, -3, -3, 1, -1, -3, 3, -3, 3, -3, 3, -3, -1, -3, 3, -3, 3, -3, 3, -3, -3, 1, -1, -1, 1, -3, 3, -3, 3, -3, 3, -3, 3, -3, -1, -3, 3, -3, -1, -3]
56: 准确率为0.59375, kendall系数为0.23520777739573978, spearman系数为0.26071445677604443
human_scores is [1, -1, 1, -1, 0, 0, 1, -1, 1, -1, 1, -1, 0, 0, -1, 1, 0, 0, 0, 0, 0, 0, -1, 1, 0, 0, 0, 0, 0, 0, 1, -1, 1, -1, 1, -1, 0, 0, 0, 0, 0, 0]
model_scores is [-1, -1, 3, -3, -1, 1, 1, -3, 3, -3, 3, -3, 1, -3, -3, 1, -1, -3, 3, -3, 3, -3, -3, 3, -3, -3, 3, -3, 3, -3, 3, -3, 3, -3, 3, -3, 3, -3, 3, -3, -3, -1]
57: 准确率为0.95, kendall系数为0.5840268497178425, spearman系数为0.6521658079988002
human_scores is [-1, 1, 0, 0, 0, 0, -1, 1, 0, 0, -1, 1, 1, -1, 1, -1, 0, 0, 1, -1, 0, 0, 0, 0, -1, 1, 0, 0, -1, 1, -1, 1, 0, 0, -1, 1, 1, -1, 0, 0, -1, 1]
model_scores is [-3, 1, -3, -1, -1, 3, -3, 3, 1, -1, 3, -3, 1, -3, 1, -3, -2, 1, 3, -3, 3, -3, 1, 1, -2, 3, 1, -3, 3, -3, -3, 1, 1, -3, 3, -3, 2, -2, 2, -2, 1, -3]
58: 准确率为0.6666666666666666, kendall系数为0.16654352910521902, spearman系数为0.17849278033554364
human_scores is [-1, 1, 0, 0, -1, 1, -1, 1, -1, 1, 0, 0, 1, -1, -1, 1, 0, 0, 0, 0, 1, -1, -1, 1, -1, 1, -1, 1, 0, 0, 1, -1, 1, -1, 1, -1, 0, 0, 1, -1, 1, -1]
model_scores is [-3, 3, -1, 1, -1, -3, -1, -3, 3, -3, 3, -3, 1, 1, 1, -3, 3, -3, 3, -3, 3, -3, 1, -3, 1, -3, 3, -3, 3, -3, -1, -3, 1, -3, 3, -3, -3, -3, 1, -3, 1, -3]
59: 准确率为0.5333333333333333, kendall系数为0.032258808412990066, spearman系数为0.03857978054903689
human_scores is [-1, 1, -1, 1, -1, 1, -1, 1, -1, 1, -1, 1, -1, 1, 0, 0, 0, 0, -1, 1, -1, 1, 1, -1, 1, -1, 0, 0, 0, 0, 0, 0, -1, 1, -1, 1, -1, 1, -1, 1, 0, 0]
model_scores is [-3, 3, -3, 3, -3, -1, -3, -1, 3, -3, 3, -3, -1, -3, 1, -3, 1, -3, 3, -3, 3, -3, 3, -3, 1, -1, 3, -3, 3, -3, -3, -3, 3, -3, 3, -3, 3, -3, 3, -3, -3, -3]
60: 准确率为0.36666666666666664, kendall系数为0.24130207724103026, spearman系数为0.2711006308863568
human_scores is [-1, 1, 0, 0, 0, 0, 0, 0, 1, -1, 1, -1, 1, -1, 1, -1, 1, -1, 1, -1, 1, -1, 0, 0, 0, 0, 1, -1, 1, -1, 0, 0, 1, -1, 1, -1, 1, -1, 1, -1, 0, 0]
model_scores is [3, -3, 3, -3, 3, -3, 3, -3, 3, -3, 3, -3, -1, -1, -3, 3, 1, -3, 3, -3, 3, -3, -3, 3, -1, -3, 3, -3, 1, -3, 1, -3, 3, -3, 3, -3, 1, -3, 3, -3, -3, -3]
61: 准确率为0.8214285714285714, kendall系数为0.45326819189059536, spearman系数为0.5087738165591145
human_scores is [-1, 1, 1, -1, 0, 0, -1, 1, -1, 1, -1, 1, 1, -1, 1, -1, -1, 1, 0, 0, 0, 0, -1, 1, -1, 1, -1, 1, -1, 1, -1, 1, -1, 1, -1, 1, 1, -1, 1, -1, 0, 0]
model_scores is [-3, 1, -1, -3, -3, -3, 1, -3, 3, -3, 1, -3, 1, -3, 1, -3, 3, -3, 3, -3, 3, -3, -3, -3, 1, -1, 1, -3, 3, -3, 3, -3, 3, -3, 3, -3, 3, -3, 1, -3, -3, -3]
62: 准确率为0.35294117647058826, kendall系数为0.21560836982571627, spearman系数为0.25324816541032086
human_scores is [0, 0, 1, -1, 0, 0, 1, -1, 0, 0, 1, -1, 1, -1, 0, 0, 1, -1, 0, 0, 1, -1, -1, 1, 0, 0, -1, 1, 0, 0, 1, -1, 0, 0, 1, -1, -1, 1, 0, 0, 1, -1]
model_scores is [-3, -1, 1, -1, -1, -1, 1, -3, 3, -3, 3, -3, 3, -3, -1, -1, -1, -3, 3, -3, 3, -3, -1, 1, -1, 1, -1, -3, 1, -3, -1, -1, 3, -3, 3, -3, 3, -3, 3, -3, -3, -3]
63: 准确率为0.75, kendall系数为0.3073513775486385, spearman系数为0.3486043549517869
human_scores is [0, 0, -1, 1, 0, 0, -1, 1, -1, 1, 0, 0, -1, 1, 0, 0, -1, 1, -1, 1, 0, 0, 1, -1, 0, 0, -1, 1, 1, -1, -1, 1, -1, 1, 0, 0, -1, 1, 1, -1, 1, -1]
model_scores is [1, -1, 1, -3, -1, -1, 1, -1, 3, -3, 1, -3, 1, -3, -3, -1, 1, -3, 3, -3, 1, -3, -3, -1, -1, 1, 1, -3, 1, -3, 1, -1, 3, -3, 3, -3, 3, -3, -1, -3, -3, -3]
64: 准确率为0.17857142857142858, kendall系数为0.487013565138222, spearman系数为0.5387486834737746
human_scores is [-1, 1, 1, -1, -1, 1, 0, 0, 1, -1, 1, -1, 1, -1, 0, 0, 1, -1, 1, -1, 1, -1, -1, 1, -1, 1, 0, 0, 0, 0, 1, -1, 1, -1, 1, -1, 1, -1, 1, -1, 0, 0]
model_scores is [-1, -1, 3, -3, -1, -1, 3, -3, 3, -3, 3, -3, 1, -3, -1, -1, -1, -3, 3, -3, 3, -3, -3, 1, -3, -3, 1, -3, 3, -3, 1, -3, 3, -3, 3, -3, 3, -3, 3, -3, -1, -3]
65: 准确率为0.875, kendall系数为0.6764482761381367, spearman系数为0.754738407250049
human_scores is [0, 0, -1, 1, 1, -1, 0, 0, 1, -1, 1, -1, -1, 1, 1, -1, 0, 0, 1, -1, 1, -1, 1, -1, 1, -1, 1, -1, 1, -1, -1, 1, 0, 0, 0, 0, 1, -1, 1, -1, 0, 0]
model_scores is [-3, 1, 3, -3, -3, 1, 3, -3, 1, -3, 3, -3, 3, -3, 3, -3, 3, -3, 3, -3, 3, -3, -1, 3, -1, -3, 3, -3, 3, -3, 3, -3, 3, -3, 3, -3, -1, -3, 1, -3, -3, -1]
66: 准确率为0.6, kendall系数为0.2272580075559818, spearman系数为0.2565763728010174
human_scores is [-1, 1, -1, 1, 0, 0, 1, -1, 0, 0, 1, -1, 1, -1, 1, -1, 1, -1, 1, -1, 1, -1, 1, -1, 1, -1, 1, -1, 1, -1, 1, -1, 0, 0, 1, -1, -1, 1, 0, 0, 1, -1]
model_scores is [-3, 3, -1, -3, 1, -3, 3, -3, 2, -3, 2, -3, 3, -2, 3, -2, 3, -3, 2, -3, 2, -3, 1, 1, 1, -1, 2, -3, 2, -3, 3, -3, 2, -2, 2, -2, 2, -2, 2, -3, 0, -2]
67: 准确率为0.8676470588235294, kendall系数为0.5629039105737809, spearman系数为0.6594673840043725
human_scores is [0, 0, -1, 1, 1, -1, 1, -1, 0, 0, 1, -1, -1, 1, 1, -1, 1, -1, 0, 0, 1, -1, 1, -1, 1, -1, 1, -1, 1, -1, 0, 0, -1, 1, 1, -1, -1, 1, 1, -1, 1, -1]
model_scores is [-3, 3, -1, 3, 1, -1, 3, -3, 3, -3, 3, -3, 1, -3, 3, -3, 3, -3, 3, -3, 3, -3, 3, -1, 3, -3, 3, -3, 3, -3, 3, -3, 3, -3, 3, -3, -3, -3, 1, -3, 1, -3]
68: 准确率为0.8529411764705882, kendall系数为0.4973262032085562, spearman系数为0.5702341409611688
human_scores is [1, -1, 0, 0, 1, -1, 1, -1, 0, 0, 1, -1, -1, 1, 0, 0, 0, 0, -1, 1, 1, -1, 1, -1, 1, -1, 0, 0, 1, -1, 0, 0, -1, 1, 1, -1, -1, 1, 1, -1, 1, -1]
model_scores is [-1, -1, 3, -3, 3, -3, 3, -3, 3, -3, 3, -3, 3, -3, 3, -3, 3, -3, 3, -3, 3, -3, -3, 1, -3, -1, 1, -3, 1, -3, -1, -3, 3, -3, 3, -3, 3, -1, 3, -3, 3, -3]
69: 准确率为0.6, kendall系数为0.16595688922172114, spearman系数为0.18793805379846637
human_scores is [0, 0, 1, -1, 0, 0, 0, 0, -1, 1, -1, 1, 1, -1, 0, 0, 0, 0, -1, 1, -1, 1, -1, 1, -1, 1, -1, 1, -1, 1, 0, 0, -1, 1, -1, 1, -1, 1, -1, 1, 0, 0]
model_scores is [-1, -1, 3, -3, 1, -3, 3, -3, 3, -3, 3, -3, 3, -3, -1, -3, 1, -3, 3, -3, 3, -3, -3, 1, -3, 1, -3, -3, -3, -3, -3, -3, 1, -3, 1, -3, 3, -3, -1, -3, -3, -3]
70: 准确率为0.39285714285714285, kendall系数为0.22443960062421742, spearman系数为0.2469694092009295
human_scores is [-1, 1, -1, 1, 0, 0, 0, 0, -1, 1, -1, 1, 1, -1, 1, -1, 1, -1, 1, -1, 1, -1, 1, -1, 1, -1, 0, 0, 0, 0, 0, 0, -1, 1, -1, 1, -1, 1, -1, 1, 0, 0]
model_scores is [-1, -1, 3, -1, 1, 1, 1, -3, 3, -3, 3, -3, 3, -3, -1, -1, -1, -3, 3, -3, 3, -3, 1, 3, 1, 1, 1, -3, 3, -3, 3, -1, 3, -3, 3, -3, 3, -3, 3, -3, -3, -3]
71: 准确率为0.36666666666666664, kendall系数为0.2147656421077203, spearman系数为0.242839364197352
human_scores is [1, -1, -1, 1, -1, 1, 1, -1, -1, 1, -1, 1, -1, 1, -1, 1, 0, 0, -1, 1, -1, 1, 1, -1, 1, -1, 1, -1, 1, -1, 1, -1, 0, 0, 0, 0, -1, 1, -1, 1, 0, 0]
model_scores is [1, 1, 3, -1, -3, 3, 3, -3, 3, -3, 3, -3, 1, -1, -3, 3, 3, -3, 3, -3, 3, -3, -3, 3, 3, -3, 3, -3, 3, -3, 3, -3, 3, -3, 3, -3, 1, -3, 1, -3, -3, -3]
72: 准确率为0.4411764705882353, kendall系数为0.00892858566421043, spearman系数为0.00828416869579514
human_scores is [1, -1, 1, -1, 0, 0, 0, 0, 0, 0, 1, -1, 1, -1, -1, 1, -1, 1, -1, 1, 0, 0, -1, 1, -1, 1, -1, 1, -1, 1, 0, 0, 0, 0, 1, -1, 0, 0, 1, -1, 1, -1]
model_scores is [-3, 3, 1, -3, -1, -3, 1, -3, 3, -3, 3, -3, 3, -3, 3, -3, 3, -3, 3, -3, 3, -3, -3, 3, -3, -1, -3, -3, 1, -3, 1, -3, 3, -3, 3, -3, -1, -3, 3, -3, -3, -3]
73: 准确率为0.5357142857142857, kendall系数为0.09109990174035043, spearman系数为0.10013788465929364
human_scores is [-1, 1, -1, 1, 0, 0, 0, 0, -1, 1, -1, 1, 0, 0, 1, -1, 1, -1, 1, -1, 1, -1, 1, -1, 1, -1, 1, -1, 1, -1, 0, 0, -1, 1, -1, 1, -1, 1, -1, 1, 0, 0]
model_scores is [1, -3, 1, -3, 1, -3, 1, -3, 3, -3, 3, -3, -1, -1, -1, -1, -1, -3, 3, -3, 1, -3, -3, -3, -1, -3, 1, -3, 1, -3, 1, -3, 1, -3, 1, -3, -1, -3, -1, -3, -3, -3]
74: 准确率为0.4375, kendall系数为0.11642054784853341, spearman系数为0.1302293071844948
human_scores is [-1, 1, -1, 1, -1, 1, -1, 1, 0, 0, -1, 1, -1, 1, 1, -1, 1, -1, 1, -1, 0, 0, 1, -1, 1, -1, 1, -1, 1, -1, 0, 0, 1, -1, -1, 1, 1, -1, -1, 1, -1, 1]
model_scores is [-1, -3, 3, -3, 3, -3, 3, -3, 3, -3, 3, -3, 1, -3, 1, -3, 1, -3, 3, -3, 3, -3, -3, -3, -1, -3, 1, -3, 1, -3, -1, -3, 3, -3, 1, -3, 3, -3, 1, -3, -3, -1]
75: 准确率为0.5, kendall系数为0.010843334143872592, spearman系数为0.011565153784445186
human_scores is [-1, 1, -1, 1, -1, 1, -1, 1, -1, 1, 0, 0, 1, -1, -1, 1, 1, -1, 0, 0, 1, -1, -1, 1, 0, 0, -1, 1, 1, -1, 1, -1, 1, -1, 1, -1, -1, 1, 1, -1, 1, -1]
model_scores is [-3, 3, 3, -3, -3, 3, 3, -3, 3, -3, 3, -3, 1, -3, -1, -1, 3, -3, 3, -3, 3, -3, -3, 3, -3, -1, 3, -3, 3, -3, 3, -3, 3, -3, 3, -3, 3, -3, 3, -3, 1, -3]
76: 准确率为0.6944444444444444, kendall系数为0.31373656787798004, spearman系数为0.3397344977330841
human_scores is [0, 0, 1, -1, 0, 0, 1, -1, -1, 1, -1, 1, 1, -1, 0, 0, 1, -1, -1, 1, -1, 1, -1, 1, 0, 0, -1, 1, -1, 1, 1, -1, -1, 1, -1, 1, -1, 1, -1, 1, 0, 0]
model_scores is [-3, -1, 3, -3, -1, -1, 3, -3, 3, -3, 3, -3, 3, -3, -1, -1, 3, -3, 3, -3, 3, -3, -3, 1, -1, -3, 3, -3, 3, -3, 3, -3, 3, -3, 3, -3, 1, -3, 1, -3, -3, 1]
77: 准确率为0.375, kendall系数为0.22109795625598916, spearman系数为0.22982242980217987
human_scores is [-1, 1, 0, 0, 0, 0, 1, -1, -1, 1, 1, -1, 1, -1, 1, -1, 1, -1, 0, 0, 1, -1, 0, 0, 1, -1, -1, 1, 1, -1, 1, -1, -1, 1, 1, -1, -1, 1, 0, 0, 1, -1]
model_scores is [-3, 3, 1, -3, -3, 1, -3, -1, 3, -3, 3, -3, 3, -3, 3, -1, 3, -3, 3, -3, 3, -3, -3, 1, -3, 1, 3, -3, 3, -3, -1, -3, 3, -3, 3, -3, 3, -3, 3, -3, -3, -3]
78: 准确率为0.59375, kendall系数为0.15975537106586438, spearman系数为0.1733951424796556
human_scores is [0, 0, 1, -1, 0, 0, 1, -1, 1, -1, 0, 0, 1, -1, 0, 0, 1, -1, 1, -1, 0, 0, -1, 1, 0, 0, 0, 0, -1, 1, 1, -1, 1, -1, 0, 0, 0, 0, -1, 1, -1, 1]
model_scores is [1, -3, 3, -3, -3, -3, 1, -3, 3, -3, 3, -3, -3, -3, -3, 1, -3, -3, 3, -3, 3, -3, -3, 3, -3, 1, 1, -3, 3, -3, -1, -3, 3, -3, 3, -3, 3, -3, 1, -3, -3, -1]
79: 准确率为0.6666666666666666, kendall系数为0.32763902124788924, spearman系数为0.3666759052790286
human_scores is [0, 0, 0, 0, -1, 1, 0, 0, -1, 1, -1, 1, 0, 0, -1, 1, 0, 0, -1, 1, -1, 1, -1, 1, 0, 0, -1, 1, -1, 1, 1, -1, 0, 0, 0, 0, -1, 1, -1, 1, 0, 0]
model_scores is [-3, 3, -1, 1, -1, 3, -1, -3, 3, -3, 3, -3, 3, -3, 3, -3, 3, -3, 3, -3, 3, -3, -1, 1, 1, -3, 3, -3, 3, -3, 3, -3, 3, -3, 3, -3, 1, -3, 1, -3, -3, -3]
80: 准确率为0.25, kendall系数为0.4141576832812911, spearman系数为0.4643091714783641
human_scores is [-1, 1, 0, 0, 0, 0, -1, 1, 0, 0, 1, -1, 1, -1, 1, -1, 0, 0, 1, -1, 1, -1, 0, 0, -1, 1, 0, 0, 1, -1, -1, 1, 0, 0, 1, -1, 1, -1, 1, -1, 1, -1]
model_scores is [-3, 3, 1, -3, -3, 1, 3, -3, 3, -3, 3, -3, 3, -3, 3, -3, 3, -3, 3, -3, 3, -3, -3, 1, -3, 1, -1, -3, 1, -3, 1, -3, 3, -3, 3, -3, 1, -1, 3, -3, -1, -3]
81: 准确率为0.8214285714285714, kendall系数为0.49615945136406436, spearman系数为0.5564088283576463
human_scores is [-1, 1, -1, 1, -1, 1, 0, 0, -1, 1, 0, 0, -1, 1, 0, 0, 1, -1, 0, 0, 1, -1, 1, -1, 1, -1, 1, -1, 1, -1, 1, -1, 0, 0, 1, -1, -1, 1, 0, 0, 1, -1]
model_scores is [-3, 3, 3, -3, 1, -1, 3, -3, 3, -3, 3, -3, 3, -3, 3, -3, 3, -3, 3, -3, 3, -3, -3, 3, -1, -3, -3, -3, -1, -3, 3, -3, 1, -3, 3, -3, -3, -3, 1, -3, 1, -3]
82: 准确率为0.5333333333333333, kendall系数为0.1383938384176497, spearman系数为0.15856829353730298
human_scores is [-1, 1, -1, 1, 0, 0, 1, -1, 1, -1, 1, -1, -1, 1, 1, -1, 1, -1, 1, -1, 1, -1, 1, -1, 1, -1, 1, -1, 1, -1, 1, -1, 1, -1, 1, -1, 0, 0, 0, 0, 0, 0]
model_scores is [3, -3, 3, -3, 3, -3, 3, -3, 3, -3, 3, -3, 3, -3, 3, -3, 3, -3, 3, -3, 3, -3, -3, 1, -3, -3, -3, -3, -1, -3, 1, -1, 3, -3, 3, -3, -1, -3, 3, -3, 1, -3]
83: 准确率为0.6764705882352942, kendall系数为0.3182029584619323, spearman系数为0.3473976678024384
human_scores is [1, -1, 1, -1, 1, -1, 1, -1, 1, -1, 1, -1, 0, 0, 1, -1, 1, -1, 1, -1, 0, 0, 1, -1, 1, -1, 1, -1, 0, 0, 1, -1, 0, 0, -1, 1, -1, 1, -1, 1, -1, 1]
model_scores is [1, -3, 3, -3, -1, -1, 1, -3, 3, -3, 3, -3, 1, -3, -3, 1, 1, -3, 3, -3, 3, -3, -3, 3, -3, -3, 1, -3, -1, -3, 1, -3, 3, -3, 3, -3, 3, -3, 3, -3, -3, -3]
84: 准确率为0.6176470588235294, kendall系数为0.14973262032085563, spearman系数为0.16691998300591146
human_scores is [1, -1, 1, -1, 1, -1, 1, -1, 1, -1, 1, -1, -1, 1, 1, -1, -1, 1, 1, -1, 0, 0, 1, -1, 0, 0, 1, -1, 1, -1, -1, 1, 0, 0, -1, 1, 1, -1, 1, -1, -1, 1]
model_scores is [3, -3, 3, 1, 3, -3, 3, -3, 3, -3, 3, -3, -1, 1, 1, -3, 1, -3, 3, -3, 3, -3, 3, -1, 3, -3, 3, -3, 3, -3, -1, -3, 3, -3, 3, -3, 3, -3, 3, -3, -1, -3]
85: 准确率为0.8055555555555556, kendall系数为0.46260634413033036, spearman系数为0.5270512152611412
human_scores is [1, -1, 1, -1, 1, -1, 1, -1, 1, -1, 1, -1, 0, 0, 0, 0, 0, 0, -1, 1, -1, 1, 0, 0, 0, 0, -1, 1, -1, 1, 0, 0, -1, 1, -1, 1, -1, 1, -1, 1, 0, 0]
model_scores is [-1, 1, 1, -3, 1, -3, 3, -3, 3, -3, 3, -3, 3, -3, 1, -3, 3, -3, 3, -3, 3, -3, 1, 1, 3, -3, 3, -3, 3, -3, 3, -3, 3, -3, 3, -3, 1, -3, 3, -3, -3, -1]
86: 准确率为0.35714285714285715, kendall系数为0.2128850263082137, spearman系数为0.23653125586823864
human_scores is [1, -1, -1, 1, 0, 0, 0, 0, -1, 1, -1, 1, -1, 1, -1, 1, -1, 1, -1, 1, -1, 1, 1, -1, 1, -1, 1, -1, 1, -1, 0, 0, -1, 1, -1, 1, -1, 1, -1, 1, 0, 0]
model_scores is [1, -3, 1, -3, 3, -3, 3, -3, 3, -3, 3, -3, 1, -3, -3, -3, 1, -3, 3, -3, 3, -3, -1, 1, -3, 1, 3, -3, 1, -3, 1, -3, 3, -3, 3, -3, 3, -3, 3, -3, -1, -3]
87: 准确率为0.20588235294117646, kendall系数为0.4663186536416193, spearman系数为0.520818388116517
human_scores is [1, -1, 0, 0, 0, 0, 1, -1, -1, 1, -1, 1, -1, 1, -1, 1, 0, 0, -1, 1, -1, 1, 0, 0, 1, -1, -1, 1, -1, 1, 1, -1, -1, 1, -1, 1, -1, 1, -1, 1, 0, 0]
model_scores is [1, -3, 3, -3, 1, -3, 3, -3, 3, -3, 3, -3, 3, -3, -1, -3, 3, -3, 3, -3, 3, -3, -3, 3, -3, -3, -1, -3, -1, -3, -1, -3, 3, -3, 3, -3, 1, -3, 3, -3, -1, -3]
88: 准确率为0.28125, kendall系数为0.443764919627401, spearman系数为0.498560305447236
human_scores is [-1, 1, -1, 1, 0, 0, -1, 1, 0, 0, -1, 1, 1, -1, 1, -1, 0, 0, 1, -1, 0, 0, 1, -1, -1, 1, 1, -1, -1, 1, -1, 1, 0, 0, -1, 1, 1, -1, 0, 0, -1, 1]
model_scores is [3, -3, 1, -3, 3, -3, 3, -3, 3, -3, 3, -3, -1, -3, -1, -1, 3, -3, 3, -3, 3, -3, -1, -1, -3, 1, 3, -3, 3, -3, 1, -1, 3, -3, 3, -3, 1, -3, 3, -3, -1, -1]
89: 准确率为0.4, kendall系数为0.11355355689847894, spearman系数为0.13744452429660015
human_scores is [0, 0, -1, 1, 0, 0, 0, 0, -1, 1, 0, 0, -1, 1, 0, 0, 0, 0, -1, 1, 0, 0, 1, -1, 1, -1, 0, 0, 1, -1, 0, 0, -1, 1, 0, 0, -1, 1, 0, 0, 1, -1]
model_scores is [-3, 3, -1, -1, -3, 1, -1, 3, 3, -3, 3, -3, 3, -3, -1, -3, 1, 1, 3, -3, 3, -3, -3, 3, -3, 3, 3, -3, 3, -3, -1, -3, 3, -3, 3, -3, 3, -3, 3, -3, -3, -1]
90: 准确率为0.2, kendall系数为0.4536964357810802, spearman系数为0.502707789014825
human_scores is [-1, 1, 0, 0, -1, 1, 0, 0, -1, 1, -1, 1, 1, -1, -1, 1, 1, -1, -1, 1, 0, 0, -1, 1, 0, 0, -1, 1, -1, 1, 1, -1, 0, 0, 1, -1, -1, 1, -1, 1, 1, -1]
model_scores is [-1, -1, 3, -3, -1, -3, 3, -3, 3, -3, 3, -3, 3, -3, 1, -1, 3, -3, 3, -3, 3, -3, -3, 1, -1, -3, -1, -3, -1, -3, 1, -3, 3, -3, 3, -3, -1, -3, 1, -3, -1, -1]
91: 准确率为0.5, kendall系数为0.0858980338670346, spearman系数为0.09996826907741788
human_scores is [0, 0, 1, -1, 1, -1, 1, -1, 1, -1, 1, -1, 1, -1, 1, -1, 1, -1, 1, -1, 1, -1, 0, 0, 1, -1, 1, -1, 1, -1, 1, -1, 1, -1, 1, -1, 0, 0, 1, -1, 1, -1]
model_scores is [-3, -1, 3, -3, 1, -3, 3, -3, 3, -3, 1, -3, 3, -3, 3, -3, 1, -3, 3, -3, 3, -3, -3, 3, -3, 1, -1, -3, -1, -3, -3, -3, 1, -3, 1, -3, -3, -3, -3, -3, -3, -3]
92: 准确率为0.8055555555555556, kendall系数为0.6105979997477364, spearman系数为0.6741464108335509
human_scores is [0, 0, 1, -1, 1, -1, 0, 0, 1, -1, 1, -1, 1, -1, 1, -1, 0, 0, 1, -1, 1, -1, 1, -1, -1, 1, 0, 0, 1, -1, -1, 1, -1, 1, 0, 0, 1, -1, 1, -1, 1, -1]
model_scores is [1, -3, 3, -3, 1, -1, 3, -3, 3, -3, 3, -3, 1, -3, -3, -3, 3, -3, 3, -3, 3, -3, -3, 3, 1, -3, 1, -3, 3, -3, 3, -3, 3, -3, 3, -3, -1, -3, -3, -3, -3, -1]
93: 准确率为0.625, kendall系数为0.1739558484939412, spearman系数为0.19498150559570124
human_scores is [-1, 1, -1, 1, -1, 1, -1, 1, -1, 1, -1, 1, 0, 0, 0, 0, 1, -1, 1, -1, 1, -1, 0, 0, 1, -1, 1, -1, 1, -1, 1, -1, 1, -1, 1, -1, 0, 0, 0, 0, 0, 0]
model_scores is [-3, 3, 1, -3, 1, -3, -3, 1, 1, -3, 3, -3, 3, -3, 3, -3, 1, -1, 3, -3, 3, -3, 1, -3, -3, -1, 3, -3, 1, -3, -3, 1, 3, -3, 1, -3, 3, -3, 3, -3, -1, -1]
94: 准确率为0.6333333333333333, kendall系数为0.1852064451801103, spearman系数为0.21510023081725027
human_scores is [-1, 1, 0, 0, 0, 0, 0, 0, 1, -1, -1, 1, 1, -1, 1, -1, 1, -1, 1, -1, 1, -1, 0, 0, 0, 0, 1, -1, -1, 1, 0, 0, 1, -1, -1, 1, 1, -1, -1, 1, -1, 1]
model_scores is [-1, -1, -1, 1, 1, -1, 1, -3, 3, -3, 3, -3, -1, -1, -1, -1, -3, -3, 3, -3, 3, -3, 1, -1, -1, -1, 3, -3, 3, -3, -1, -3, 3, -3, 3, -3, 3, -3, 3, -3, 1, -3]
95: 准确率为0.5333333333333333, kendall系数为0.08203613831580879, spearman系数为0.08983070168993834
human_scores is [1, -1, -1, 1, 0, 0, 0, 0, 0, 0, -1, 1, -1, 1, -1, 1, -1, 1, -1, 1, -1, 1, 1, -1, 1, -1, 1, -1, 0, 0, 0, 0, 0, 0, -1, 1, 0, 0, -1, 1, -1, 1]
model_scores is [-3, 3, -1, -3, -3, 1, 3, -3, 3, -3, 3, -3, 3, -3, 3, -3, 3, -3, 3, -3, 3, -3, -3, 3, -1, -3, -1, -3, 3, -3, 3, -3, 3, -3, 3, -3, 1, -3, 3, -3, 3, -1]
96: 准确率为0.10714285714285714, kendall系数为0.5675667165991294, spearman系数为0.6314040674128691
human_scores is [-1, 1, -1, 1, -1, 1, -1, 1, -1, 1, 0, 0, 0, 0, 1, -1, 1, -1, 1, -1, 1, -1, 1, -1, 1, -1, 1, -1, 1, -1, 0, 0, 0, 0, 1, -1, 0, 0, 1, -1, 1, -1]
model_scores is [-3, 3, 3, -3, -1, -1, 3, -3, 3, -3, 3, -3, 3, -3, 1, -3, 3, -3, 3, -3, 3, -3, -3, 3, -3, 3, -1, -3, 3, -3, 3, -3, 3, -3, 3, -3, 3, -3, 3, -3, -3, -1]
97: 准确率为0.59375, kendall系数为0.13405797101449277, spearman系数为0.152347245980619
human_scores is [1, -1, 1, -1, 1, -1, 1, -1, 1, -1, 1, -1, 1, -1, 1, -1, 1, -1, 1, -1, 1, -1, 0, 0, 0, 0, 0, 0, -1, 1, 0, 0, 0, 0, -1, 1, 0, 0, -1, 1, -1, 1]
model_scores is [3, -3, 3, -3, 3, -3, 3, -3, 3, -3, 3, -3, 3, -3, 1, -1, 3, -3, 3, -3, 3, -3, -3, -1, -3, -3, 1, -3, 1, -3, 3, -3, 3, -3, 3, -3, 3, -3, 3, -3, -1, -1]
98: 准确率为0.7666666666666667, kendall系数为0.41343426946115513, spearman系数为0.46503362003765075
human_scores is [-1, 1, 0, 0, 0, 0, -1, 1, 0, 0, -1, 1, 1, -1, 1, -1, 1, -1, 1, -1, 0, 0, 0, 0, -1, 1, 0, 0, -1, 1, -1, 1, 0, 0, -1, 1, 1, -1, -1, 1, -1, 1]
model_scores is [1, -1, 3, -3, 3, -3, 3, -3, 3, -3, 3, -3, 1, -3, 1, -3, 1, -3, 3, -3, 3, -3, -3, -1, -3, -1, -3, -3, -3, -3, -3, -3, -1, -3, 1, -3, 3, -3, 1, -3, 1, -3]
99: 准确率为0.4642857142857143, kendall系数为0.021044083548867273, spearman系数为0.021204574267040168
平均准确率为0.5647906491942869, 平均kendall系数为0.30803610305220025, 平均spearman系数为0.345218452654063
