human_scores is [1, -1, 0, 0, 1, -1, 1, -1, 1, -1, 1, -1, -1, 1, 1, -1, 1, -1, 0, 0, 1, -1, 1, -1, 1, -1, 1, -1, 1, -1, -1, 1, -1, 1, 0, 0, -1, 1, 1, -1, 1, -1]
model_scores is [-5, 1, -5, -5, 1, -3, 1, -3, 3, -5, 1, -3, -1, -5, -1, -3, 3, -5, 3, -5, 5, -5, -1, -1, -1, 1, 3, -5, 3, -5, -1, -3, 3, -3, 1, -3, 1, -3, 3, -5, 1, -3]
0: 准确率为0.6666666666666666, kendall系数为0.30447989335238673, spearman系数为0.3652117278249629
human_scores is [0, 0, -1, 1, -1, 1, 1, -1, -1, 1, -1, 1, -1, 1, -1, 1, 1, -1, -1, 1, -1, 1, 0, 0, 1, -1, -1, 1, 0, 0, 1, -1, -1, 1, 0, 0, -1, 1, -1, 1, 1, -1]
model_scores is [5, -5, 1, -3, 1, -1, 3, -5, 5, -3, 3, -5, -1, 1, -3, 3, 1, -3, 3, -3, 3, -3, -3, 3, 3, -1, 1, -3, 3, -3, 3, -3, 7, -3, 3, -3, 1, -3, -1, -3, -3, -1]
1: 准确率为0.4117647058823529, kendall系数为0.1826858143757782, spearman系数为0.2211046358452548
human_scores is [0, 0, -1, 1, 0, 0, 0, 0, 0, 0, 1, -1, -1, 1, 0, 0, 0, 0, 0, 0, 1, -1, 1, -1, 1, -1, 1, -1, 1, -1, 0, 0, 0, 0, 1, -1, 0, 0, 1, -1, 1, -1]
model_scores is [-1, 1, 3, -3, -3, -3, -1, -1, 3, -3, 3, -3, 1, -3, 1, -1, -1, -3, 3, -3, 3, -3, -3, 1, -3, 1, 1, -3, 3, -3, -1, -3, 3, -3, 3, -3, 1, -1, 3, -3, 1, -3]
2: 准确率为0.6363636363636364, kendall系数为0.24019440695585997, spearman系数为0.2688656957545108
human_scores is [1, -1, 1, -1, 1, -1, 1, -1, 1, -1, 1, -1, 1, -1, 0, 0, -1, 1, 1, -1, 1, -1, -1, 1, -1, 1, 0, 0, 1, -1, -1, 1, 1, -1, 1, -1, 1, -1, 1, -1, 1, -1]
model_scores is [1, 1, 3, -3, 3, -3, 3, -3, 3, -3, 3, -3, 3, -3, 3, -1, 3, -3, 3, -3, 3, -3, -3, 3, -1, -3, -1, -1, 1, -1, 3, -3, 3, -3, 5, -3, -3, -1, -1, -3, 3, -3]
3: 准确率为0.7894736842105263, kendall系数为0.52019885138407, spearman系数为0.5586250988379197
human_scores is [-1, 1, 0, 0, 0, 0, 0, 0, -1, 1, 1, -1, 1, -1, 1, -1, 1, -1, 0, 0, 1, -1, 0, 0, 0, 0, -1, 1, 1, -1, 0, 0, -1, 1, 1, -1, -1, 1, 1, -1, 1, -1]
model_scores is [1, 1, 3, -3, 1, 1, 3, -3, 3, -3, 3, -3, 1, -3, -3, 1, 1, -3, 1, -3, 3, -5, -3, 3, -3, -1, -3, -3, -1, -3, 3, -3, 3, -3, 3, -3, 1, -3, 1, -3, -1, -3]
4: 准确率为0.5714285714285714, kendall系数为0.16919845718514162, spearman系数为0.19572452089933334
human_scores is [-1, 1, 0, 0, 1, -1, 1, -1, 0, 0, 1, -1, 1, -1, 1, -1, 1, -1, 1, -1, 1, -1, 1, -1, 1, -1, 0, 0, 1, -1, 1, -1, -1, 1, 1, -1, -1, 1, 0, 0, 1, -1]
model_scores is [-3, -1, -3, -5, -1, -1, -1, -5, 3, -3, 3, -3, -3, -3, -3, -1, 1, -3, 3, -3, 5, -3, -5, -1, 3, -3, 1, -3, 1, -3, 3, -5, 3, -3, 3, -5, 1, -3, 1, -3, 1, -3]
5: 准确率为0.7058823529411765, kendall系数为0.35226783445734167, spearman系数为0.4115305356362218
human_scores is [-1, 1, 1, -1, 1, -1, 1, -1, 0, 0, 1, -1, 1, -1, 1, -1, 1, -1, 1, -1, 1, -1, 0, 0, 1, -1, -1, 1, 1, -1, 1, -1, -1, 1, 1, -1, -1, 1, 0, 0, 1, -1]
model_scores is [-3, 3, 1, -1, 1, -1, 1, -3, 3, -3, 5, -3, 5, -3, 3, -3, 3, -3, 3, -3, 3, -3, -3, 1, 1, -1, 3, -3, 3, -3, 3, -3, 3, -3, 3, -3, 3, -3, 1, -3, -3, -1]
6: 准确率为0.8055555555555556, kendall系数为0.41823718354127154, spearman系数为0.46884090637565246
human_scores is [-1, 1, 1, -1, 0, 0, -1, 1, 1, -1, 1, -1, 1, -1, 1, -1, 0, 0, 1, -1, 1, -1, -1, 1, -1, 1, 0, 0, 0, 0, -1, 1, 1, -1, 1, -1, 1, -1, 1, -1, 0, 0]
model_scores is [-1, -3, 3, -5, 1, 5, 3, -3, 3, -5, 3, -3, 3, -3, -3, 3, 1, -3, 3, -3, 3, -3, -3, 3, -3, 1, 1, -3, 1, -3, 3, -3, 5, -5, 7, -5, 3, -3, 3, -3, -1, -3]
7: 准确率为0.78125, kendall系数为0.47954358920636825, spearman系数为0.5328462329754438
human_scores is [-1, 1, -1, 1, 0, 0, 0, 0, 0, 0, -1, 1, 1, -1, 1, -1, 1, -1, 1, -1, 1, -1, 1, -1, 1, -1, 1, -1, 1, -1, 0, 0, 0, 0, -1, 1, 0, 0, -1, 1, -1, 1]
model_scores is [1, -3, 1, -5, -1, -1, -1, 3, 3, -3, 3, -3, -1, -5, 1, -3, -1, -1, 1, -3, 3, -3, -3, 3, -3, 3, -5, -3, -1, -3, -3, 1, 3, -3, 5, -3, 3, -3, 1, -3, -1, -5]
8: 准确率为0.36666666666666664, kendall系数为0.2205474191757447, spearman系数为0.2568674108540729
human_scores is [0, 0, -1, 1, 0, 0, -1, 1, 0, 0, -1, 1, -1, 1, 0, 0, -1, 1, 0, 0, -1, 1, 1, -1, 1, -1, 1, -1, 0, 0, -1, 1, 0, 0, -1, 1, 1, -1, -1, 1, -1, 1]
model_scores is [-3, 3, 1, -3, 3, -3, 1, -3, 3, -3, 3, -3, 3, -3, 3, -3, 1, -3, 3, -3, 3, -3, -3, -3, -1, -3, 1, -3, 1, -3, 1, -3, 1, -3, 3, -3, -3, -3, -1, -3, -1, -3]
9: 准确率为0.25, kendall系数为0.38756427573834934, spearman系数为0.45391796277776125
human_scores is [-1, 1, -1, 1, -1, 1, -1, 1, -1, 1, 0, 0, 0, 0, 1, -1, 0, 0, 1, -1, 1, -1, 1, -1, 0, 0, 1, -1, 1, -1, -1, 1, 0, 0, 1, -1, 1, -1, 1, -1, 1, -1]
model_scores is [-3, 3, -1, -1, -1, 3, 1, -3, 1, -3, 3, -5, 1, -3, -1, -3, 3, -3, 3, -3, 3, -3, -3, 1, 1, -3, 3, -3, 1, -3, 1, -3, 1, -3, 3, -3, -3, 1, 1, -3, 1, -3]
10: 准确率为0.625, kendall系数为0.2679559570193803, spearman系数为0.31143901096538024
human_scores is [-1, 1, -1, 1, 0, 0, -1, 1, 0, 0, 1, -1, -1, 1, 1, -1, 0, 0, 1, -1, 1, -1, 1, -1, 1, -1, 1, -1, 1, -1, -1, 1, 0, 0, 1, -1, 1, -1, 1, -1, 1, -1]
model_scores is [-3, 3, -1, -5, -3, -3, 1, 3, 3, -1, 1, -5, 3, -3, 3, -3, 1, -3, 3, -3, 3, -3, -3, -3, -3, 1, 1, -3, 1, -3, 1, 3, 3, -3, 3, -3, 1, -3, 3, -3, -1, -3]
11: 准确率为0.7352941176470589, kendall系数为0.3947559551186769, spearman系数为0.4484961184718528
human_scores is [0, 0, 1, -1, 1, -1, 1, -1, 1, -1, 1, -1, 1, -1, 1, -1, 1, -1, 1, -1, 1, -1, -1, 1, 0, 0, 0, 0, 0, 0, 1, -1, 1, -1, 1, -1, 0, 0, 0, 0, 0, 0]
model_scores is [-5, 1, 1, -1, -1, 1, 3, -1, 3, -3, 3, -3, 3, -3, 3, -5, 5, -1, 7, -5, 5, -5, -3, -1, 1, -1, 3, -3, 3, -3, 1, -3, 3, -3, 3, -5, 3, -3, 3, -3, 1, -3]
12: 准确率为0.8928571428571429, kendall系数为0.6097873130959683, spearman系数为0.7107369203019123
human_scores is [0, 0, 0, 0, 0, 0, 1, -1, -1, 1, 0, 0, 0, 0, 0, 0, 1, -1, -1, 1, 0, 0, 0, 0, 1, -1, -1, 1, 0, 0, 1, -1, -1, 1, 0, 0, -1, 1, -1, 1, 1, -1]
model_scores is [-5, 3, 1, -1, -3, 1, 1, -3, 3, -3, 3, -3, 1, -5, 1, -3, 3, -5, 3, -5, 3, -3, -3, 1, -1, -3, 3, -1, 3, -3, 3, -3, 3, -3, 3, -3, -1, -3, -3, -3, -1, -5]
13: 准确率为0.45454545454545453, kendall系数为0.011451951360825779, spearman系数为0.007033301907985431
human_scores is [-1, 1, -1, 1, 0, 0, -1, 1, -1, 1, 1, -1, -1, 1, 1, -1, 0, 0, 0, 0, 1, -1, 1, -1, 1, -1, 1, -1, 1, -1, -1, 1, -1, 1, 1, -1, 0, 0, 1, -1, 1, -1]
model_scores is [-1, 1, -1, 1, 3, -1, 3, -3, 3, -5, 3, -3, -1, -1, 1, -3, 1, -3, 3, -3, 3, -3, 1, -3, -1, -3, 3, -5, 3, -3, -1, -1, 1, -5, 1, -3, 1, -5, 3, -5, -3, -1]
14: 准确率为0.7058823529411765, kendall系数为0.25445504967116145, spearman系数为0.3017115738282141
human_scores is [-1, 1, 0, 0, 0, 0, 1, -1, -1, 1, -1, 1, 1, -1, 1, -1, 1, -1, 0, 0, 0, 0, 0, 0, 1, -1, -1, 1, -1, 1, 1, -1, -1, 1, -1, 1, -1, 1, -1, 1, 0, 0]
model_scores is [-3, 1, 1, -3, -3, -1, 1, -3, 3, -3, 3, -3, 3, -3, -3, -3, 3, -3, 3, -3, 3, -3, -3, 1, -3, 1, -1, -3, -1, -3, 1, -3, 3, -3, 3, -3, 3, -3, 3, -3, -3, -3]
15: 准确率为0.43333333333333335, kendall系数为0.21252257134474198, spearman系数为0.23877965226875028
human_scores is [-1, 1, -1, 1, -1, 1, -1, 1, 0, 0, -1, 1, -1, 1, 1, -1, -1, 1, 1, -1, 1, -1, 1, -1, 0, 0, 1, -1, 1, -1, -1, 1, 1, -1, 0, 0, 1, -1, 1, -1, -1, 1]
model_scores is [-5, 3, 1, -3, -3, 1, -1, -3, 1, -3, 3, -3, 3, -5, 3, -5, 3, -3, 3, -5, 3, -5, -3, 3, -1, -3, -1, -5, 1, -3, 3, -5, 3, -5, 3, -5, -3, -3, -3, -3, -1, -1]
16: 准确率为0.5277777777777778, kendall系数为0.10923799181610663, spearman系数为0.12579738110860814
human_scores is [-1, 1, -1, 1, -1, 1, 1, -1, 1, -1, 0, 0, 0, 0, 0, 0, 1, -1, 1, -1, 1, -1, 0, 0, 1, -1, 1, -1, 1, -1, 1, -1, 1, -1, 1, -1, 0, 0, -1, 1, -1, 1]
model_scores is [-3, -1, 1, -3, -3, -1, -1, -5, 1, -5, 3, -5, 1, -5, -3, -1, -1, -5, 1, -5, 3, -5, -3, 1, -1, -1, 1, -5, 3, -5, 1, -3, 3, -3, 3, -5, -1, -3, 3, -3, 1, -5]
17: 准确率为0.65625, kendall系数为0.4129062548160943, spearman系数为0.4775885583565243
human_scores is [1, -1, -1, 1, 0, 0, 1, -1, 1, -1, 0, 0, -1, 1, -1, 1, 1, -1, 0, 0, -1, 1, 1, -1, 1, -1, 1, -1, 1, -1, 1, -1, 1, -1, 0, 0, -1, 1, -1, 1, -1, 1]
model_scores is [1, -3, 3, -3, 1, -1, 1, -3, 2, -3, 3, -3, 3, -3, -1, -1, 3, -3, 2, -2, 2, -3, -5, -1, -3, -3, 0, -3, -1, -3, -1, -3, 5, -5, 5, -3, 0, -3, -5, -3, -4, 0]
18: 准确率为0.5735294117647058, kendall系数为0.16672401547705268, spearman系数为0.2015525515244132
human_scores is [0, 0, 0, 0, -1, 1, -1, 1, 0, 0, 0, 0, 0, 0, -1, 1, -1, 1, 0, 0, 0, 0, -1, 1, -1, 1, 0, 0, 0, 0, 0, 0, 1, -1, 1, -1, 1, -1, 1, -1, 0, 0]
model_scores is [-1, -3, 1, -3, -1, -1, 3, -3, 7, -3, 5, -5, 3, -3, -1, 1, 1, -3, 3, -3, 3, -3, -3, 1, -1, -5, 5, -5, 5, -5, -1, -3, 3, -3, 5, -3, 3, -3, 5, -5, 1, -3]
19: 准确率为0.7, kendall系数为0.16311553298087478, spearman系数为0.20270059144470032
human_scores is [1, -1, 1, -1, 1, -1, 1, -1, 1, -1, 1, -1, 1, -1, 0, 0, 0, 0, 1, -1, 0, 0, -1, 1, -1, 1, 0, 0, -1, 1, 0, 0, 1, -1, 0, 0, 1, -1, 0, 0, -1, 1]
model_scores is [-3, 1, 1, -3, 1, -3, -1, -1, 5, -3, 1, -3, 1, -3, 3, -2, 1, -2, 3, -5, 3, -5, -3, -1, -1, -1, 3, -3, -1, -3, -3, -1, 2, -3, 1, -3, 1, -3, 2, -3, -5, 1]
20: 准确率为0.7857142857142857, kendall系数为0.41869238374739287, spearman系数为0.5091217582219008
human_scores is [1, -1, 0, 0, 0, 0, -1, 1, 0, 0, 0, 0, -1, 1, -1, 1, -1, 1, -1, 1, -1, 1, 0, 0, -1, 1, 0, 0, 0, 0, -1, 1, 0, 0, 0, 0, 1, -1, 1, -1, 0, 0]
model_scores is [-3, 1, -3, -3, -1, -1, 3, -3, 3, -3, 3, -3, 1, -3, 3, -3, 3, -3, 3, -5, 3, -3, -3, -1, 1, -5, -1, -5, 3, -5, -3, -3, -1, -5, 3, -3, -3, -3, -3, -3, 1, -5]
21: 准确率为0.13636363636363635, kendall系数为0.45858753771580923, spearman系数为0.5259484855053749
human_scores is [1, -1, 1, -1, 1, -1, 1, -1, 1, -1, 1, -1, 0, 0, 0, 0, 0, 0, 1, -1, 0, 0, 0, 0, 0, 0, 1, -1, 0, 0, 0, 0, 1, -1, 0, 0, 1, -1, 0, 0, -1, 1]
model_scores is [3, -1, 3, -3, 3, -5, 3, -3, 3, -3, 3, -3, 1, -1, 1, -1, 1, -1, 3, -3, 3, -3, -1, 1, -1, -1, 1, -1, 3, -3, -1, -1, 3, -3, 3, -3, 3, -3, 3, -3, -1, 1]
22: 准确率为1.0, kendall系数为0.6995110069828188, spearman系数为0.767502189043374
human_scores is [0, 0, 0, 0, 0, 0, 0, 0, 0, 0, 1, -1, 0, 0, 0, 0, 0, 0, 0, 0, 1, -1, 0, 0, 0, 0, 0, 0, 1, -1, 0, 0, 0, 0, 1, -1, 0, 0, 1, -1, 1, -1]
model_scores is [-3, 1, -1, -3, 1, -3, 3, -3, 5, -5, 3, -3, 1, -1, 1, -3, 7, -5, 3, -5, 5, -5, -3, -3, 3, -3, 3, -3, 1, -3, 3, -3, 3, -5, 3, -3, -3, -1, -1, 1, -3, -1]
23: 准确率为0.75, kendall系数为0.26744063544983476, spearman系数为0.31243276533410425
human_scores is [-1, 1, 1, -1, 1, -1, -1, 1, -1, 1, 0, 0, 1, -1, 1, -1, 0, 0, 0, 0, 1, -1, 0, 0, -1, 1, -1, 1, -1, 1, -1, 1, -1, 1, -1, 1, 0, 0, 1, -1, 1, -1]
model_scores is [-3, 3, -1, -1, -3, 3, 3, -3, 3, -3, 5, -3, 5, -5, 1, 1, 1, -5, 5, -5, 3, -5, -3, 3, -1, -3, 3, -3, 3, -5, 3, -3, 3, -3, 3, -3, 1, -3, 1, -3, -1, -1]
24: 准确率为0.375, kendall系数为0.16437270239235766, spearman系数为0.20576288497603534
human_scores is [-1, 1, 0, 0, 0, 0, -1, 1, 0, 0, 1, -1, 1, -1, 1, -1, 0, 0, 1, -1, 1, -1, 0, 0, -1, 1, 0, 0, 1, -1, -1, 1, 0, 0, 1, -1, 1, -1, 1, -1, 1, -1]
model_scores is [-3, 1, 3, -3, -1, -3, 1, -3, 3, -5, 5, -3, 3, -3, 1, -3, 3, -5, 3, -5, 3, -5, -5, 3, -3, 1, -3, -1, -1, -3, 1, -3, 3, -5, 3, -3, 3, -3, 3, -3, 1, -3]
25: 准确率为0.8214285714285714, kendall系数为0.44357585838299335, spearman系数为0.5411185292010696
human_scores is [1, -1, 0, 0, 1, -1, 1, -1, 1, -1, 1, -1, -1, 1, 1, -1, 1, -1, 1, -1, 0, 0, 1, -1, 1, -1, 1, -1, 1, -1, 0, 0, 1, -1, -1, 1, 1, -1, -1, 1, -1, 1]
model_scores is [1, -3, 3, -1, -1, 3, 1, -3, 3, -3, 3, -3, 3, -1, -3, 3, 1, -3, 3, -1, 3, -3, -1, 3, 1, -3, 1, -3, 3, -3, 5, -3, 3, -3, 5, -5, -3, -3, 1, -3, 1, -3]
26: 准确率为0.5833333333333334, kendall系数为0.10432921398487147, spearman系数为0.12271315384839526
human_scores is [-1, 1, -1, 1, -1, 1, -1, 1, -1, 1, -1, 1, -1, 1, -1, 1, 0, 0, 0, 0, 0, 0, 0, 0, 1, -1, 1, -1, 1, -1, 1, -1, 1, -1, 1, -1, 0, 0, 0, 0, 0, 0]
model_scores is [1, -3, 1, -3, 3, -3, 1, -3, 3, -3, 3, -3, 3, -3, -1, -3, -1, -1, 5, -3, 3, -3, -3, -1, 1, 1, 3, -3, 3, -3, -3, -3, 1, -3, 3, -3, 3, -3, 3, -3, -1, 1]
27: 准确率为0.39285714285714285, kendall系数为0.1697568559682987, spearman系数为0.19018969318867768
human_scores is [-1, 1, -1, 1, -1, 1, -1, 1, -1, 1, -1, 1, -1, 1, -1, 1, -1, 1, 1, -1, 0, 0, 1, -1, 0, 0, 1, -1, 1, -1, -1, 1, 1, -1, 1, -1, 1, -1, 1, -1, -1, 1]
model_scores is [2, 0, 0, 0, 2, 2, 6, -2, 3, -2, 2, -2, 0, 0, 0, 2, 6, -2, 4, -2, 2, -2, -3, 2, 3, -3, 3, -3, 3, -3, 5, -2, 4, 0, 2, -2, 3, 1, 3, -1, -1, -3]
28: 准确率为0.4868421052631579, kendall系数为0.019269110433869332, spearman系数为0.026114250451945084
human_scores is [-1, 1, -1, 1, 1, -1, -1, 1, 1, -1, 0, 0, -1, 1, 1, -1, -1, 1, 1, -1, 1, -1, 1, -1, 0, 0, 1, -1, 1, -1, -1, 1, 1, -1, -1, 1, 1, -1, 1, -1, -1, 1]
model_scores is [-3, 3, -1, -3, 1, -3, -1, -1, 5, -5, 3, -5, 3, -3, 1, -5, 3, -3, 5, -5, 5, -5, -1, -1, -3, 1, 3, -3, 3, -3, 1, 1, 3, -3, 3, -3, 5, -3, 3, -3, -3, -3]
29: 准确率为0.7105263157894737, kendall系数为0.3877051688527911, spearman系数为0.45077876989495075
human_scores is [1, -1, -1, 1, 1, -1, 1, -1, 1, -1, -1, 1, -1, 1, 0, 0, 0, 0, 0, 0, -1, 1, 1, -1, 1, -1, 1, -1, 1, -1, 0, 0, 0, 0, -1, 1, 0, 0, -1, 1, -1, 1]
model_scores is [-3, -3, 1, -3, 1, -3, 3, -3, 3, -3, 3, -3, 1, -3, 1, -3, 1, -3, 3, -3, 3, -3, -3, -3, -3, -3, -3, -3, 1, -3, -3, -3, -1, -3, 1, -3, 1, -3, 1, -3, -3, -3]
30: 准确率为0.43333333333333335, kendall系数为0.09596946660518309, spearman系数为0.10385654114749979
human_scores is [1, -1, 1, -1, 1, -1, 1, -1, 1, -1, 1, -1, 1, -1, 1, -1, 0, 0, 1, -1, 1, -1, -1, 1, -1, 1, -1, 1, -1, 1, -1, 1, 0, 0, 0, 0, 1, -1, 1, -1, 0, 0]
model_scores is [-5, 3, 1, -3, -3, 3, 1, -3, 1, -3, 3, -3, 3, -5, 5, -5, 3, -5, 3, -5, 3, -5, -3, 3, -3, -3, -1, -3, -3, -3, 3, -3, 3, -3, 3, -3, -3, -3, 1, -5, -3, -3]
31: 准确率为0.7058823529411765, kendall系数为0.3054287942103565, spearman系数为0.35243540715804106
human_scores is [1, -1, 1, -1, 1, -1, 1, -1, 1, -1, 1, -1, 0, 0, 1, -1, 1, -1, 1, -1, 1, -1, 1, -1, 1, -1, 1, -1, 1, -1, -1, 1, -1, 1, -1, 1, 0, 0, 0, 0, 0, 0]
model_scores is [-5, -1, 1, -3, -3, 3, -1, -1, 3, -5, 3, -5, 3, -3, -3, 1, 1, -1, 3, -5, 3, -5, -3, 1, -5, -1, -3, -3, -1, -5, -1, -3, 1, -3, 3, -3, 3, -5, 3, -5, 1, -3]
32: 准确率为0.5294117647058824, kendall系数为0.06711817643907735, spearman系数为0.0748278804648111
human_scores is [1, -1, 1, -1, 1, -1, 0, 0, 0, 0, 1, -1, 0, 0, 0, 0, -1, 1, -1, 1, 0, 0, 0, 0, -1, 1, -1, 1, 0, 0, -1, 1, -1, 1, 0, 0, 0, 0, 1, -1, 1, -1]
model_scores is [1, -3, 5, -3, -1, 1, 1, -3, 5, -3, 3, -3, -1, -3, -3, 1, -3, -3, 5, -3, 3, -3, -3, 1, -3, -1, 5, -1, 3, -3, 1, -3, 3, -3, 3, -3, 3, -3, 3, -3, -1, -3]
33: 准确率为0.4583333333333333, kendall系数为0.06196481506073169, spearman系数为0.07330630188831769
human_scores is [1, -1, 1, -1, -1, 1, 0, 0, 0, 0, 0, 0, 0, 0, -1, 1, -1, 1, -1, 1, -1, 1, -1, 1, -1, 1, -1, 1, -1, 1, 1, -1, 1, -1, 1, -1, 0, 0, 0, 0, 0, 0]
model_scores is [-1, -3, 3, -3, 3, -3, 3, -3, 3, -3, 3, -3, 1, -3, 3, -3, 1, -3, 3, -3, 3, -3, -3, -5, -1, -5, -3, -5, -1, -5, -3, -3, -3, -1, -1, -1, -3, -3, -1, -2, -3, -5]
34: 准确率为0.35714285714285715, kendall系数为0.36310592527300073, spearman系数为0.41969654077130997
human_scores is [0, 0, 1, -1, 1, -1, 1, -1, 1, -1, 1, -1, 1, -1, 1, -1, 1, -1, 1, -1, 1, -1, 1, -1, 0, 0, 1, -1, 1, -1, -1, 1, 0, 0, 0, 0, 1, -1, 1, -1, 0, 0]
model_scores is [-1, -3, 3, -5, 5, -5, 5, -5, 5, -5, 7, -5, 3, -3, 3, -3, 3, -3, 3, -5, 3, -5, -3, -3, 1, -3, 5, -1, 3, -5, -3, -3, 5, -3, 5, -2, 3, -5, 5, -3, 1, -3]
35: 准确率为0.9375, kendall系数为0.706234080477658, spearman系数为0.7953822796807541
human_scores is [-1, 1, 0, 0, 1, -1, 0, 0, 1, -1, 1, -1, 1, -1, 1, -1, 1, -1, 1, -1, 1, -1, 1, -1, 0, 0, 1, -1, 1, -1, -1, 1, 0, 0, 0, 0, 1, -1, 1, -1, 0, 0]
model_scores is [3, -3, 3, -3, 3, -3, 3, -3, 3, -3, 3, -3, -1, -1, -5, -1, -1, -3, 1, -3, 3, -3, -5, -1, 3, -3, 1, -3, 3, -3, 1, -5, 3, -5, 3, -5, -3, -3, -3, -3, -3, -3]
36: 准确率为0.6666666666666666, kendall系数为0.1136582285547022, spearman系数为0.14576504823104897
human_scores is [1, -1, 1, -1, 1, -1, 1, -1, 1, -1, 0, 0, 1, -1, 0, 0, 0, 0, 0, 0, -1, 1, -1, 1, -1, 1, -1, 1, -1, 1, 0, 0, 0, 0, -1, 1, 0, 0, -1, 1, -1, 1]
model_scores is [-1, 1, 3, -3, -3, -1, 1, -3, 2, -3, 5, -3, 1, -3, -1, -1, 3, -3, 3, -3, 5, -3, -3, 1, -3, -3, -1, -3, 3, -3, 1, -3, 3, -3, 3, -3, -1, -3, 1, -3, -3, -3]
37: 准确率为0.5, kendall系数为0.0637114143531956, spearman系数为0.07236084322065045
human_scores is [0, 0, 0, 0, 1, -1, 0, 0, 1, -1, 1, -1, 0, 0, 1, -1, 0, 0, 1, -1, 1, -1, 1, -1, 0, 0, 1, -1, 1, -1, -1, 1, 0, 0, 0, 0, 1, -1, 1, -1, 0, 0]
model_scores is [-3, -3, -1, -3, -5, 1, -3, -3, 3, -3, -1, -3, -1, -1, -5, 3, -1, -3, 5, -3, 3, -3, -3, -1, -1, -3, 1, -3, 5, -3, 5, -5, 5, -5, 5, -5, 3, -3, 1, -3, -3, -3]
38: 准确率为0.6666666666666666, kendall系数为0.11857651212028726, spearman系数为0.13737034646475577
human_scores is [0, 0, 0, 0, 0, 0, -1, 1, -1, 1, -1, 1, 0, 0, 0, 0, -1, 1, -1, 1, -1, 1, 0, 0, -1, 1, -1, 1, -1, 1, -1, 1, -1, 1, -1, 1, 0, 0, 0, 0, 0, 0]
model_scores is [1, 3, 3, 3, 3, -1, 3, -3, 5, -3, 3, -3, 3, -3, 1, -3, 3, -3, 5, -3, 3, -3, -1, 3, 3, -3, 3, -3, 3, -3, 3, -3, 5, -3, 3, -3, 1, -3, 1, -3, -1, -3]
39: 准确率为0.0, kendall系数为0.7806905891917948, spearman系数为0.8359964753984294
human_scores is [0, 0, 1, -1, 1, -1, 1, -1, 1, -1, 1, -1, 1, -1, 1, -1, 1, -1, 1, -1, 1, -1, 0, 0, 1, -1, 1, -1, 1, -1, 1, -1, 1, -1, 1, -1, -1, 1, -1, 1, 0, 0]
model_scores is [-5, 1, 3, -3, 3, -1, 3, -5, 3, -5, 3, -3, 3, -5, 5, -3, 3, -5, 3, -5, 3, -5, -3, 1, -3, -3, 3, -3, 1, -3, 1, -5, 3, -5, 3, -5, 3, -3, 1, -3, -3, -3]
40: 准确率为0.8611111111111112, kendall系数为0.655632075460815, spearman系数为0.7273267429773774
human_scores is [-1, 1, 0, 0, 0, 0, -1, 1, 0, 0, 0, 0, 1, -1, 1, -1, 1, -1, 1, -1, 1, -1, 0, 0, -1, 1, 0, 0, 0, 0, -1, 1, 0, 0, 0, 0, 1, -1, 1, -1, 0, 0]
model_scores is [-3, 1, -1, -3, -3, 0, -1, -3, 3, -3, 3, -3, 1, -3, 2, 0, 3, -3, 5, -3, 3, -5, -3, 0, -1, -1, 3, -3, 3, -3, 2, -5, 2, -3, 2, -5, 1, -3, 3, -3, 1, -3]
41: 准确率为0.7954545454545454, kendall系数为0.32326993731807935, spearman系数为0.38547479646326366
human_scores is [1, -1, -1, 1, 0, 0, 1, -1, 1, -1, 1, -1, -1, 1, -1, 1, 0, 0, 0, 0, 0, 0, 1, -1, 1, -1, 1, -1, 1, -1, 1, -1, 1, -1, 1, -1, 0, 0, 0, 0, 0, 0]
model_scores is [-3, 1, 1, -3, -1, -3, 1, -3, 3, -3, 3, -3, 3, -3, -1, -3, 3, -3, 3, -3, 3, -3, -3, 1, -1, -1, 1, -3, 1, -3, 3, -3, 3, -3, 3, -3, -1, -3, 1, -3, 1, -3]
42: 准确率为0.6428571428571429, kendall系数为0.21772779868113173, spearman系数为0.2508939901684891
human_scores is [-1, 1, 0, 0, -1, 1, -1, 1, -1, 1, -1, 1, 1, -1, 0, 0, 0, 0, 1, -1, 0, 0, -1, 1, -1, 1, -1, 1, -1, 1, 0, 0, 1, -1, 0, 0, 1, -1, 0, 0, -1, 1]
model_scores is [-3, 3, 1, -3, -3, 1, 1, -3, 3, -3, 3, -3, 3, -3, -1, -1, 3, -5, 3, -5, 3, -3, -3, 3, -3, 3, -3, -1, -1, -1, 1, -3, 3, -3, 3, -3, 1, -1, 3, -1, -1, 1]
43: 准确率为0.7142857142857143, kendall系数为0.3017847003406893, spearman系数为0.3517095417982519
human_scores is [-1, 1, 0, 0, -1, 1, -1, 1, 0, 0, 1, -1, 1, -1, 0, 0, 1, -1, 1, -1, 1, -1, -1, 1, -1, 1, 0, 0, 1, -1, 1, -1, 1, -1, 1, -1, 1, -1, 1, -1, 1, -1]
model_scores is [-5, 1, 3, -5, -3, -1, 1, -3, 3, -5, 3, -5, 3, -5, 3, -1, 3, -5, 3, -5, 3, -5, -5, 3, -3, -1, 1, -3, -1, -3, 1, -3, 3, -5, 3, -5, 1, -3, 1, -3, -1, -1]
44: 准确率为0.8235294117647058, kendall系数为0.5966159943554131, spearman系数为0.7104864252013512
human_scores is [0, 0, 0, 0, 0, 0, 0, 0, 0, 0, -1, 1, 0, 0, 0, 0, 0, 0, 0, 0, -1, 1, 0, 0, 0, 0, 0, 0, -1, 1, 0, 0, 0, 0, -1, 1, 0, 0, -1, 1, -1, 1]
model_scores is [-1, -3, -1, -3, -1, -3, -1, -3, 3, -3, 5, -3, 1, -3, -1, 1, -1, -3, 3, -3, 5, -3, -3, 1, -1, -3, -1, -3, 3, -3, -3, -5, 3, -3, 3, -5, -1, -3, 1, -3, -1, -3]
45: 准确率为0.08333333333333333, kendall系数为0.5599159509411321, spearman系数为0.6129564820237746
human_scores is [0, 0, 0, 0, 0, 0, 0, 0, 0, 0, 0, 0, 0, 0, 0, 0, 0, 0, 0, 0, 0, 0, 0, 0, 0, 0, 0, 0, 0, 0, 0, 0, 0, 0, 0, 0, 0, 0, 0, 0, 0, 0]
model_scores is [-3, 3, 3, -3, -3, -1, 1, -3, 3, -3, 3, -3, 3, -3, 1, -3, 3, -3, 3, -3, 3, -5, -5, -1, 1, -3, 1, -3, 5, -3, 3, -5, 1, -5, 5, -5, -1, -1, -1, -1, -1, -2]
46: 准确率为1, kendall系数为0, spearman系数为0
human_scores is [-1, 1, 1, -1, 0, 0, -1, 1, -1, 1, -1, 1, 1, -1, 1, -1, 1, -1, 1, -1, 0, 0, -1, 1, -1, 1, -1, 1, -1, 1, -1, 1, -1, 1, -1, 1, 0, 0, -1, 1, -1, 1]
model_scores is [-3, 3, 1, -3, 1, -3, 1, -3, 5, -3, 3, -3, 1, -3, 1, -3, 3, -3, 3, -3, 3, -3, -3, 1, 1, -3, 3, -3, -1, -3, 1, -3, 3, -3, 3, -3, 3, -3, 1, -3, -3, -3]
47: 准确率为0.4444444444444444, kendall系数为0.1402738593204566, spearman系数为0.1565371272792629
human_scores is [-1, 1, -1, 1, 0, 0, 0, 0, -1, 1, -1, 1, 0, 0, 1, -1, 1, -1, 0, 0, 0, 0, 1, -1, 1, -1, 0, 0, 0, 0, 0, 0, -1, 1, -1, 1, -1, 1, -1, 1, 0, 0]
model_scores is [-1, -1, 1, -3, 3, -3, 1, -3, 3, -3, 3, -3, 3, -3, 1, -3, 3, -1, 3, -3, 3, -3, -3, 1, -3, -1, 3, -3, 1, -3, 3, 1, 3, -3, 3, -3, 3, -3, 3, -3, -1, -3]
48: 准确率为0.25, kendall系数为0.41163978676700674, spearman系数为0.4758082112030652
human_scores is [1, -1, -1, 1, 1, -1, 1, -1, 1, -1, 1, -1, -1, 1, -1, 1, -1, 1, -1, 1, 0, 0, 1, -1, 1, -1, 1, -1, 1, -1, 0, 0, 0, 0, 1, -1, 0, 0, 1, -1, 1, -1]
model_scores is [1, -3, -1, -3, -1, -3, 5, -5, 3, -5, 3, -3, -3, -1, -3, 3, -3, -1, -1, -1, 1, -3, -1, 1, 3, -3, 3, -3, 3, -3, 3, -5, 3, -3, 3, -5, -1, -1, 3, -3, -1, -3]
49: 准确率为0.7647058823529411, kendall系数为0.5932786131706146, spearman系数为0.6896777558046241
human_scores is [0, 0, 0, 0, 1, -1, -1, 1, -1, 1, -1, 1, 0, 0, 1, -1, -1, 1, -1, 1, -1, 1, 1, -1, -1, 1, -1, 1, -1, 1, -1, 1, -1, 1, -1, 1, -1, 1, 0, 0, 1, -1]
model_scores is [-1, -3, 3, -3, -1, -1, 3, -3, 3, -3, 3, -3, 3, -3, -1, -1, 3, -3, 3, -3, 3, -3, -3, 3, -3, -3, 1, -3, 1, -3, 3, -3, 3, -3, 3, -3, 1, -3, 1, -3, -1, -3]
50: 准确率为0.11764705882352941, kendall系数为0.6272007866715852, spearman系数为0.7064093006338684
human_scores is [1, -1, 1, -1, 1, -1, 1, -1, 1, -1, 1, -1, -1, 1, 0, 0, 1, -1, -1, 1, -1, 1, 1, -1, 1, -1, -1, 1, -1, 1, 1, -1, -1, 1, -1, 1, -1, 1, -1, 1, 0, 0]
model_scores is [1, -3, 3, -3, 1, -1, 3, -3, 3, -3, 3, -3, 1, -3, -1, 3, 3, -3, 3, -1, 3, -3, -1, 1, 1, -3, 3, -3, 3, -1, 1, -3, 3, -5, 3, -3, -1, -3, 1, -3, -1, -1]
51: 准确率为0.5, kendall系数为0.008625626957612206, spearman系数为0.012858258162598326
human_scores is [1, -1, 1, -1, -1, 1, 0, 0, -1, 1, -1, 1, 0, 0, -1, 1, -1, 1, -1, 1, -1, 1, -1, 1, -1, 1, -1, 1, -1, 1, 1, -1, 1, -1, 1, -1, -1, 1, -1, 1, 0, 0]
model_scores is [1, -3, 1, -3, 1, -3, 1, -3, 3, -1, 3, -3, 1, -3, -1, -5, 1, -3, 3, -5, 3, -5, -1, -1, 1, -3, 1, -3, 3, -3, -1, -3, -1, -3, 3, -5, -1, -3, 1, -5, -1, -5]
52: 准确率为0.3055555555555556, kendall系数为0.34264136794285144, spearman系数为0.3943607826104274
human_scores is [-1, 1, -1, 1, 1, -1, 1, -1, 1, -1, 1, -1, 0, 0, 1, -1, 1, -1, 1, -1, 1, -1, 1, -1, 1, -1, 1, -1, 1, -1, 0, 0, 0, 0, 1, -1, 0, 0, 1, -1, 1, -1]
model_scores is [-3, -3, 1, -5, -3, -1, 1, -5, 3, -5, 3, -3, 1, -5, -1, -1, 1, -5, 3, -5, 3, -5, -3, 1, -3, -3, -1, -5, 1, -3, 3, -3, 3, -3, 3, -3, -3, -3, -1, -3, -3, -3]
53: 准确率为0.6764705882352942, kendall系数为0.38580482554596107, spearman系数为0.45073641588925856
human_scores is [-1, 1, -1, 1, 1, -1, 0, 0, -1, 1, -1, 1, 0, 0, 1, -1, 1, -1, 0, 0, 0, 0, 1, -1, 1, -1, 0, 0, 0, 0, -1, 1, -1, 1, -1, 1, -1, 1, -1, 1, 0, 0]
model_scores is [-3, 3, -1, -3, -3, 1, 3, 1, 3, -1, 3, -1, 5, -3, 3, -3, 3, -3, 3, -1, 3, -1, -3, 1, -1, -3, 1, -3, 1, -1, 5, -1, 3, -3, 3, -3, 1, -3, 3, -1, -3, -3]
54: 准确率为0.2857142857142857, kendall系数为0.21781785710356785, spearman系数为0.24911410619418445
human_scores is [1, -1, -1, 1, 1, -1, -1, 1, -1, 1, -1, 1, -1, 1, 0, 0, -1, 1, -1, 1, -1, 1, 1, -1, 0, 0, 0, 0, 0, 0, -1, 1, -1, 1, -1, 1, 0, 0, 0, 0, 0, 0]
model_scores is [-1, -3, -1, -3, -1, 1, 1, -3, 3, -1, 3, -3, -5, -3, -3, 1, 1, -3, -1, -3, 0, -3, -3, 3, 1, -3, 5, -3, 1, -5, 3, -3, 3, -3, 3, -3, -1, -1, -1, -3, -1, -5]
55: 准确率为0.16071428571428573, kendall系数为0.470888854798081, spearman系数为0.5503255416537193
human_scores is [1, -1, 0, 0, 1, -1, 0, 0, 1, -1, 1, -1, -1, 1, 0, 0, -1, 1, 1, -1, 1, -1, 1, -1, 0, 0, 1, -1, 1, -1, -1, 1, 1, -1, 1, -1, 1, -1, 1, -1, 0, 0]
model_scores is [-3, 1, -1, -3, -3, 1, -1, -3, 3, -3, 3, -3, 3, -3, -1, -3, 3, -3, 3, -3, 3, -3, -3, 1, -1, -1, 1, -3, 3, -3, 5, -3, 3, -3, 3, -5, -1, -5, 3, -5, -1, -3]
56: 准确率为0.59375, kendall系数为0.2598538790580938, spearman系数为0.2917525918393795
human_scores is [1, -1, 1, -1, 0, 0, 1, -1, 1, -1, 1, -1, 0, 0, -1, 1, 0, 0, 0, 0, 0, 0, -1, 1, 0, 0, 0, 0, 0, 0, 1, -1, 1, -1, 1, -1, 0, 0, 0, 0, 0, 0]
model_scores is [-1, -1, 3, -3, -1, 1, 1, -5, 3, -3, 3, -5, 1, -3, -3, 1, -1, -3, 3, -3, 3, -3, -3, 3, -3, -3, 3, -3, 3, -3, 3, -3, 3, -3, 3, -3, 3, -3, 3, -3, -3, -1]
57: 准确率为0.95, kendall系数为0.6048561861976048, spearman系数为0.6745834705242666
human_scores is [-1, 1, 0, 0, 0, 0, -1, 1, 0, 0, -1, 1, 1, -1, 1, -1, 0, 0, 1, -1, 0, 0, 0, 0, -1, 1, 0, 0, -1, 1, -1, 1, 0, 0, -1, 1, 1, -1, 0, 0, -1, 1]
model_scores is [-3, 3, -3, -1, -1, 3, -3, 3, 1, -1, 3, -3, 3, -5, 1, -5, -2, 1, 3, -5, 5, -5, 1, 1, -2, 5, 1, -3, 5, -3, -3, 3, 1, -3, 3, -3, 2, -2, 4, -2, 1, -3]
58: 准确率为0.6666666666666666, kendall系数为0.23709287546505128, spearman系数为0.2703365912439283
human_scores is [-1, 1, 0, 0, -1, 1, -1, 1, -1, 1, 0, 0, 1, -1, -1, 1, 0, 0, 0, 0, 1, -1, -1, 1, -1, 1, -1, 1, 0, 0, 1, -1, 1, -1, 1, -1, 0, 0, 1, -1, 1, -1]
model_scores is [-3, 5, -1, 1, -3, -3, -1, -3, 3, -3, 3, -3, 1, 1, -1, -3, 3, -3, 3, -3, 3, -3, -1, -3, -1, -3, 1, -3, 3, -3, -1, -5, 1, -5, 3, -5, -3, -3, 1, -3, 1, -3]
59: 准确率为0.6333333333333333, kendall系数为0.18028414841311158, spearman系数为0.21327828620222133
human_scores is [-1, 1, -1, 1, -1, 1, -1, 1, -1, 1, -1, 1, -1, 1, 0, 0, 0, 0, -1, 1, -1, 1, 1, -1, 1, -1, 0, 0, 0, 0, 0, 0, -1, 1, -1, 1, -1, 1, -1, 1, 0, 0]
model_scores is [-3, 3, -3, 3, -3, -1, -3, -1, 3, -3, 5, -3, -1, -3, 1, -3, 1, -3, 3, -3, 3, -3, 3, -3, 1, -1, 3, -3, 3, -3, -3, -3, 3, -3, 5, -3, 5, -3, 5, -3, -1, -3]
60: 准确率为0.36666666666666664, kendall系数为0.2709685702095646, spearman系数为0.31028617704004646
human_scores is [-1, 1, 0, 0, 0, 0, 0, 0, 1, -1, 1, -1, 1, -1, 1, -1, 1, -1, 1, -1, 1, -1, 0, 0, 0, 0, 1, -1, 1, -1, 0, 0, 1, -1, 1, -1, 1, -1, 1, -1, 0, 0]
model_scores is [3, -3, 3, -3, 3, -3, 3, -3, 5, -3, 3, -3, -3, -1, -3, 3, 1, -3, 3, -3, 3, -3, -3, 3, -1, -5, 3, -3, 1, -5, 1, -3, 3, -3, 3, -3, 1, -3, 5, -3, -3, -3]
61: 准确率为0.8214285714285714, kendall系数为0.4256853928563619, spearman系数为0.4854656984945575
human_scores is [-1, 1, 1, -1, 0, 0, -1, 1, -1, 1, -1, 1, 1, -1, 1, -1, -1, 1, 0, 0, 0, 0, -1, 1, -1, 1, -1, 1, -1, 1, -1, 1, -1, 1, -1, 1, 1, -1, 1, -1, 0, 0]
model_scores is [-3, 1, -1, -3, -3, -3, 1, -3, 3, -3, 1, -3, 1, -3, 1, -3, 3, -3, 3, -3, 3, -3, -3, -3, 1, -1, 1, -3, 5, -3, 3, -3, 5, -3, 5, -3, 3, -3, 1, -3, -1, -3]
62: 准确率为0.35294117647058826, kendall系数为0.23296042189286764, spearman系数为0.2693759144697951
human_scores is [0, 0, 1, -1, 0, 0, 1, -1, 0, 0, 1, -1, 1, -1, 0, 0, 1, -1, 0, 0, 1, -1, -1, 1, 0, 0, -1, 1, 0, 0, 1, -1, 0, 0, 1, -1, -1, 1, 0, 0, 1, -1]
model_scores is [-3, -1, 1, -1, -1, -1, 1, -3, 5, -3, 5, -3, 3, -3, -1, -1, -1, -3, 3, -3, 3, -3, -1, 1, -1, 1, 1, -3, 1, -3, -1, -1, 3, -3, 3, -3, 3, -3, 3, -3, -3, -3]
63: 准确率为0.7083333333333334, kendall系数为0.2845873935923366, spearman系数为0.3265258930159758
human_scores is [0, 0, -1, 1, 0, 0, -1, 1, -1, 1, 0, 0, -1, 1, 0, 0, -1, 1, -1, 1, 0, 0, 1, -1, 0, 0, -1, 1, 1, -1, -1, 1, -1, 1, 0, 0, -1, 1, 1, -1, 1, -1]
model_scores is [1, -3, 1, -5, -1, -3, 1, -1, 3, -5, 1, -5, 1, -3, -3, -1, 1, -3, 3, -3, 1, -3, -3, -1, -1, 1, 1, -3, -1, -3, 1, -1, 3, -3, 1, -3, 3, -3, -3, -5, -5, -3]
64: 准确率为0.14285714285714285, kendall系数为0.5057249497272778, spearman系数为0.5688457033094911
human_scores is [-1, 1, 1, -1, -1, 1, 0, 0, 1, -1, 1, -1, 1, -1, 0, 0, 1, -1, 1, -1, 1, -1, -1, 1, -1, 1, 0, 0, 0, 0, 1, -1, 1, -1, 1, -1, 1, -1, 1, -1, 0, 0]
model_scores is [-1, -1, 3, -5, -1, -1, 3, -3, 3, -3, 3, -3, 1, -3, -1, -1, -1, -3, 3, -3, 3, -3, -3, 1, -3, -3, 1, -3, 3, -3, 1, -3, 3, -3, 3, -3, 3, -3, 3, -3, -1, -3]
65: 准确率为0.875, kendall系数为0.674914066742564, spearman系数为0.7560122556258847
human_scores is [0, 0, -1, 1, 1, -1, 0, 0, 1, -1, 1, -1, -1, 1, 1, -1, 0, 0, 1, -1, 1, -1, 1, -1, 1, -1, 1, -1, 1, -1, -1, 1, 0, 0, 0, 0, 1, -1, 1, -1, 0, 0]
model_scores is [-3, 1, 3, -3, -3, 1, 3, -3, 3, -3, 5, -3, 1, -3, 1, -3, 1, -1, 3, -3, 3, -3, -3, 3, -4, -5, 3, -3, 3, -3, 1, -3, 3, -3, 7, -5, -1, -3, 1, -5, -3, -1]
66: 准确率为0.6, kendall系数为0.2169336086564788, spearman系数为0.25457631415089566
human_scores is [-1, 1, -1, 1, 0, 0, 1, -1, 0, 0, 1, -1, 1, -1, 1, -1, 1, -1, 1, -1, 1, -1, 1, -1, 1, -1, 1, -1, 1, -1, 1, -1, 0, 0, 1, -1, -1, 1, 0, 0, 1, -1]
model_scores is [-5, 3, -3, -3, 1, -3, 3, -3, 2, -3, 4, -5, 1, -2, 5, -2, 5, -3, 4, -3, 6, -5, 1, 1, 1, -3, 2, -5, 2, -5, 3, -3, 6, -2, 4, -4, 2, -2, 2, -3, 0, -3]
67: 准确率为0.8676470588235294, kendall系数为0.6010818772293886, spearman系数为0.7139154544761274
human_scores is [0, 0, -1, 1, 1, -1, 1, -1, 0, 0, 1, -1, -1, 1, 1, -1, 1, -1, 0, 0, 1, -1, 1, -1, 1, -1, 1, -1, 1, -1, 0, 0, -1, 1, 1, -1, -1, 1, 1, -1, 1, -1]
model_scores is [-3, 3, -1, 3, 1, -1, 5, -3, 5, -3, 5, -5, 1, -3, 3, -3, 3, -3, 3, -3, 3, -3, 3, 1, 3, -3, 3, -3, 3, -3, 5, -5, 3, -3, 3, -3, -3, -3, 1, -3, 1, -3]
68: 准确率为0.8235294117647058, kendall系数为0.4402440362071769, spearman系数为0.5372466305352978
human_scores is [1, -1, 0, 0, 1, -1, 1, -1, 0, 0, 1, -1, -1, 1, 0, 0, 0, 0, -1, 1, 1, -1, 1, -1, 1, -1, 0, 0, 1, -1, 0, 0, -1, 1, 1, -1, -1, 1, 1, -1, 1, -1]
model_scores is [-1, -3, 3, -5, 5, -5, 3, -3, 3, -3, 3, -5, 3, -3, 3, -3, 3, -3, 3, -3, 3, -3, -5, 1, -3, -1, 1, -3, 1, -3, -1, -3, 3, -3, 3, -3, 3, -1, 3, -3, 3, -3]
69: 准确率为0.6, kendall系数为0.19852745472425729, spearman系数为0.22830017131561453
human_scores is [0, 0, 1, -1, 0, 0, 0, 0, -1, 1, -1, 1, 1, -1, 0, 0, 0, 0, -1, 1, -1, 1, -1, 1, -1, 1, -1, 1, -1, 1, 0, 0, -1, 1, -1, 1, -1, 1, -1, 1, 0, 0]
model_scores is [-1, -1, 3, -3, 1, -3, 3, -3, 3, -3, 3, -3, 3, -3, -1, -3, 1, -3, 3, -3, 3, -3, -3, 1, -3, 1, -3, -3, -3, -1, -3, -3, 1, -3, 1, -3, 3, -3, -1, -3, -3, -2]
70: 准确率为0.39285714285714285, kendall系数为0.1905664348404171, spearman系数为0.21196200957778366
human_scores is [-1, 1, -1, 1, 0, 0, 0, 0, -1, 1, -1, 1, 1, -1, 1, -1, 1, -1, 1, -1, 1, -1, 1, -1, 1, -1, 0, 0, 0, 0, 0, 0, -1, 1, -1, 1, -1, 1, -1, 1, 0, 0]
model_scores is [1, -3, 3, -3, 3, -1, 1, -5, 5, -5, 3, -5, 3, -5, -3, -1, -3, -5, 1, -3, 1, -1, -1, 3, -1, 1, 1, -3, 3, -3, 1, -3, 3, -5, 3, -3, 1, -3, 3, -3, -3, -1]
71: 准确率为0.26666666666666666, kendall系数为0.36540872704840865, spearman系数为0.4210527991100413
human_scores is [1, -1, -1, 1, -1, 1, 1, -1, -1, 1, -1, 1, -1, 1, -1, 1, 0, 0, -1, 1, -1, 1, 1, -1, 1, -1, 1, -1, 1, -1, 1, -1, 0, 0, 0, 0, -1, 1, -1, 1, 0, 0]
model_scores is [1, 1, 3, -1, -1, 3, 3, -3, 5, -3, 5, -3, 1, -1, -3, 3, 3, -3, 3, -3, 3, -3, -3, 3, 3, -3, 3, -3, 3, -3, 3, -3, 3, -3, 3, -3, 1, -3, -1, -3, -3, -3]
72: 准确率为0.47058823529411764, kendall系数为0.044665628357047085, spearman系数为0.051116919399620674
human_scores is [1, -1, 1, -1, 0, 0, 0, 0, 0, 0, 1, -1, 1, -1, -1, 1, -1, 1, -1, 1, 0, 0, -1, 1, -1, 1, -1, 1, -1, 1, 0, 0, 0, 0, 1, -1, 0, 0, 1, -1, 1, -1]
model_scores is [-3, 3, 1, -3, -1, -3, 1, -3, 3, -3, 3, -3, 3, -3, 3, -3, 3, -3, 3, -3, 3, -3, -3, 3, -3, -3, -3, -3, -1, -3, 1, -3, 5, -3, 3, -3, -1, -3, 3, -3, -3, -3]
73: 准确率为0.5714285714285714, kendall系数为0.06665725384034563, spearman系数为0.07149587023375863
human_scores is [-1, 1, -1, 1, 0, 0, 0, 0, -1, 1, -1, 1, 0, 0, 1, -1, 1, -1, 1, -1, 1, -1, 1, -1, 1, -1, 1, -1, 1, -1, 0, 0, -1, 1, -1, 1, -1, 1, -1, 1, 0, 0]
model_scores is [1, -3, 1, -3, 1, -3, 1, -3, 3, -3, 3, -3, -1, -1, -1, -1, -1, -3, 3, -3, 1, -3, -3, -3, -1, -3, 1, -3, 1, -3, 1, -3, 1, -3, 1, -3, -1, -3, -1, -3, -3, -3]
74: 准确率为0.4375, kendall系数为0.11642054784853341, spearman系数为0.1302293071844948
human_scores is [-1, 1, -1, 1, -1, 1, -1, 1, 0, 0, -1, 1, -1, 1, 1, -1, 1, -1, 1, -1, 0, 0, 1, -1, 1, -1, 1, -1, 1, -1, 0, 0, 1, -1, -1, 1, 1, -1, -1, 1, -1, 1]
model_scores is [-1, -3, 3, -3, 3, -3, 3, -3, 3, -3, 3, -3, 1, -3, 1, -3, 1, -3, 3, -3, 3, -3, -3, -3, -1, -3, 1, -3, 1, -3, -1, -3, 3, -5, 1, -3, 3, -3, 1, -3, -5, -1]
75: 准确率为0.5, kendall系数为0.052399848250259194, spearman系数为0.058903785181262325
human_scores is [-1, 1, -1, 1, -1, 1, -1, 1, -1, 1, 0, 0, 1, -1, -1, 1, 1, -1, 0, 0, 1, -1, -1, 1, 0, 0, -1, 1, 1, -1, 1, -1, 1, -1, 1, -1, -1, 1, 1, -1, 1, -1]
model_scores is [-3, 3, 1, -3, -3, 3, 3, -1, 3, -3, 5, -3, -1, -3, -1, -1, 5, -3, 3, -3, 7, -3, -3, 3, -3, -1, 3, -3, 3, -3, 5, -3, 3, -3, 3, -3, 3, -3, 3, -3, 1, -3]
76: 准确率为0.6666666666666666, kendall系数为0.3641535001975573, spearman系数为0.41446310492041555
human_scores is [0, 0, 1, -1, 0, 0, 1, -1, -1, 1, -1, 1, 1, -1, 0, 0, 1, -1, -1, 1, -1, 1, -1, 1, 0, 0, -1, 1, -1, 1, 1, -1, -1, 1, -1, 1, -1, 1, -1, 1, 0, 0]
model_scores is [-3, -1, 3, -3, -1, -1, 3, -3, 3, -3, 3, -3, 3, -3, -1, -1, 3, -3, 3, -3, 3, -3, -3, 1, -1, -3, 3, -3, 3, -3, 3, -3, 3, -3, 3, -3, 1, -3, 1, -3, -3, 1]
77: 准确率为0.375, kendall系数为0.22109795625598916, spearman系数为0.22982242980217987
human_scores is [-1, 1, 0, 0, 0, 0, 1, -1, -1, 1, 1, -1, 1, -1, 1, -1, 1, -1, 0, 0, 1, -1, 0, 0, 1, -1, -1, 1, 1, -1, 1, -1, -1, 1, 1, -1, -1, 1, 0, 0, 1, -1]
model_scores is [-3, 3, 1, -3, -3, 1, -3, -1, 3, -1, 4, -1, 3, -5, 3, 1, 3, -3, 3, -3, 3, -1, -3, 1, -2, 2, 4, -2, 3, -3, -1, -3, 5, -3, 5, -3, 5, -1, 5, -1, -3, -1]
78: 准确率为0.5625, kendall系数为0.12379689211803459, spearman系数为0.14229768243236282
human_scores is [0, 0, 1, -1, 0, 0, 1, -1, 1, -1, 0, 0, 1, -1, 0, 0, 1, -1, 1, -1, 0, 0, -1, 1, 0, 0, 0, 0, -1, 1, 1, -1, 1, -1, 0, 0, 0, 0, -1, 1, -1, 1]
model_scores is [1, -3, 3, -3, -1, -3, 1, -5, 3, -5, 3, -5, -5, -3, -3, 1, -3, -3, 3, -3, 3, -3, -3, 3, -3, -1, -1, -5, 3, -3, -1, -3, 3, -3, 3, -5, 3, -3, 1, -1, -3, -1]
79: 准确率为0.6666666666666666, kendall系数为0.3146433232652822, spearman系数为0.3674441227838212
human_scores is [0, 0, 0, 0, -1, 1, 0, 0, -1, 1, -1, 1, 0, 0, -1, 1, 0, 0, -1, 1, -1, 1, -1, 1, 0, 0, -1, 1, -1, 1, 1, -1, 0, 0, 0, 0, -1, 1, -1, 1, 0, 0]
model_scores is [-3, 5, -1, 1, -1, 3, -1, -3, 3, -3, 3, -3, 3, -3, 5, -3, 3, -3, 3, -3, 3, -5, -1, 1, 1, -3, 3, -3, 3, -5, 3, -3, 3, -3, 3, -3, 1, -3, 1, -3, -3, -5]
80: 准确率为0.25, kendall系数为0.4135250519829149, spearman系数为0.47575128556240986
human_scores is [-1, 1, 0, 0, 0, 0, -1, 1, 0, 0, 1, -1, 1, -1, 1, -1, 0, 0, 1, -1, 1, -1, 0, 0, -1, 1, 0, 0, 1, -1, -1, 1, 0, 0, 1, -1, 1, -1, 1, -1, 1, -1]
model_scores is [-5, 3, -1, -3, -5, 1, 5, -3, 3, -3, 3, -3, 1, -3, 3, -3, 5, -3, 5, -5, 3, -5, -3, -1, -3, 1, -1, -3, 1, -5, 3, -5, 5, -3, 3, -5, 3, 1, 5, -1, -1, -3]
81: 准确率为0.7857142857142857, kendall系数为0.4084140742162761, spearman系数为0.47006074148012617
human_scores is [-1, 1, -1, 1, -1, 1, 0, 0, -1, 1, 0, 0, -1, 1, 0, 0, 1, -1, 0, 0, 1, -1, 1, -1, 1, -1, 1, -1, 1, -1, 1, -1, 0, 0, 1, -1, -1, 1, 0, 0, 1, -1]
model_scores is [-3, 5, 2, -3, 1, -1, 3, -3, 3, -3, 3, -3, 3, -3, 3, -3, 3, -3, 3, -3, 3, -3, -3, 3, -1, -5, -3, -3, -1, -3, 3, -3, 1, -3, 3, -3, -3, -3, 2, -3, 1, -3]
82: 准确率为0.5333333333333333, kendall系数为0.1822838519099567, spearman系数为0.20968253995531858
human_scores is [-1, 1, -1, 1, 0, 0, 1, -1, 1, -1, 1, -1, -1, 1, 1, -1, 1, -1, 1, -1, 1, -1, 1, -1, 1, -1, 1, -1, 1, -1, 1, -1, 1, -1, 1, -1, 0, 0, 0, 0, 0, 0]
model_scores is [3, -3, 3, -5, 3, -5, 3, -5, 3, -5, 7, -5, 3, -3, 3, -3, 3, -3, 3, -3, 3, -3, -3, -1, -5, -3, -3, -5, -1, -5, 1, -1, 3, -3, 3, -3, -1, -3, 5, -5, 1, -3]
83: 准确率为0.7058823529411765, kendall系数为0.29923090365204325, spearman系数为0.34851791404976096
human_scores is [1, -1, 1, -1, 1, -1, 1, -1, 1, -1, 1, -1, 0, 0, 1, -1, 1, -1, 1, -1, 0, 0, 1, -1, 1, -1, 1, -1, 0, 0, 1, -1, 0, 0, -1, 1, -1, 1, -1, 1, -1, 1]
model_scores is [1, -5, 3, -5, -1, -3, 1, -5, 3, -5, 5, -5, 1, -3, -3, 1, 1, -3, 3, -3, 3, -3, -3, 3, -3, -3, 1, -3, -1, -3, 1, -3, 3, -3, 3, -3, 1, -3, 1, -3, -1, -3]
84: 准确率为0.6176470588235294, kendall系数为0.27549542459651816, spearman系数为0.31678983245729087
human_scores is [1, -1, 1, -1, 1, -1, 1, -1, 1, -1, 1, -1, -1, 1, 1, -1, -1, 1, 1, -1, 0, 0, 1, -1, 0, 0, 1, -1, 1, -1, -1, 1, 0, 0, -1, 1, 1, -1, 1, -1, -1, 1]
model_scores is [3, -3, 3, -1, 3, -3, 3, -3, 3, -5, 3, -5, -1, -1, 3, -3, 1, -3, 7, -5, 3, -5, 3, -1, 3, -3, 3, -3, 3, -3, -1, -3, 3, -3, 3, -3, 3, -3, 3, -3, 1, -3]
85: 准确率为0.7777777777777778, kendall系数为0.4720742883854274, spearman系数为0.5462683840406983
human_scores is [1, -1, 1, -1, 1, -1, 1, -1, 1, -1, 1, -1, 0, 0, 0, 0, 0, 0, -1, 1, -1, 1, 0, 0, 0, 0, -1, 1, -1, 1, 0, 0, -1, 1, -1, 1, -1, 1, -1, 1, 0, 0]
model_scores is [-1, 1, 1, -3, 1, -5, 3, -5, 3, -5, 3, -5, 3, -5, 1, -5, 3, -5, 3, -5, 3, -5, -1, -1, 3, -5, 3, -5, 3, -3, 3, -5, 3, -5, 3, -5, -1, -3, 1, -3, -5, -1]
86: 准确率为0.39285714285714285, kendall系数为0.13889480114845562, spearman系数为0.16293951107389282
human_scores is [1, -1, -1, 1, 0, 0, 0, 0, -1, 1, -1, 1, -1, 1, -1, 1, -1, 1, -1, 1, -1, 1, 1, -1, 1, -1, 1, -1, 1, -1, 0, 0, -1, 1, -1, 1, -1, 1, -1, 1, 0, 0]
model_scores is [3, -3, 1, -3, 5, -1, 5, -3, 7, -3, 3, -3, 3, -3, -3, 1, 1, -3, 3, -1, 3, -1, 1, 3, -3, 1, 3, -3, -1, -1, 1, -3, 5, -3, 7, -1, 3, -3, 3, -3, -1, -1]
87: 准确率为0.23529411764705882, kendall系数为0.4091418621507507, spearman系数为0.47653807130532344
human_scores is [1, -1, 0, 0, 0, 0, 1, -1, -1, 1, -1, 1, -1, 1, -1, 1, 0, 0, -1, 1, -1, 1, 0, 0, 1, -1, -1, 1, -1, 1, 1, -1, -1, 1, -1, 1, -1, 1, -1, 1, 0, 0]
model_scores is [3, -3, 3, -3, 3, -1, 3, -3, 5, -3, 5, -1, 3, -3, -1, -3, 3, -3, 3, -3, 3, -3, -3, 3, -3, -3, -1, -3, -1, -3, -1, -3, 3, -3, 3, -3, 1, -3, 3, -3, -1, -3]
88: 准确率为0.28125, kendall系数为0.40725505522660294, spearman系数为0.4574675669412528
human_scores is [-1, 1, -1, 1, 0, 0, -1, 1, 0, 0, -1, 1, 1, -1, 1, -1, 0, 0, 1, -1, 0, 0, 1, -1, -1, 1, 1, -1, -1, 1, -1, 1, 0, 0, -1, 1, 1, -1, 0, 0, -1, 1]
model_scores is [3, -3, 1, -5, 3, -3, 1, -5, 7, -5, 5, -5, -1, -5, -1, -1, 1, -3, 3, -3, 5, -5, -1, -1, -5, 1, 3, -3, 3, -3, -1, -1, 3, -3, 5, -5, 1, -5, 3, -5, -1, -1]
89: 准确率为0.43333333333333335, kendall系数为0.10134375673507333, spearman系数为0.12415823958310558
human_scores is [0, 0, -1, 1, 0, 0, 0, 0, -1, 1, 0, 0, -1, 1, 0, 0, 0, 0, -1, 1, 0, 0, 1, -1, 1, -1, 0, 0, 1, -1, 0, 0, -1, 1, 0, 0, -1, 1, 0, 0, 1, -1]
model_scores is [-3, 3, -1, -1, -3, 1, -1, 3, 3, -1, 3, -3, 3, -3, -1, -3, 1, 1, 3, -3, 3, -3, -3, 3, -3, 3, 3, -3, 3, -3, -1, -3, 3, -3, 3, -3, 3, -3, 3, -3, -3, -1]
90: 准确率为0.2, kendall系数为0.4230495446469016, spearman系数为0.472402038927007
human_scores is [-1, 1, 0, 0, -1, 1, 0, 0, -1, 1, -1, 1, 1, -1, -1, 1, 1, -1, -1, 1, 0, 0, -1, 1, 0, 0, -1, 1, -1, 1, 1, -1, 0, 0, 1, -1, -1, 1, -1, 1, 1, -1]
model_scores is [-1, -1, 3, -3, -1, -3, 3, -3, 3, -3, 3, -5, 3, -3, 1, -1, 3, -3, 3, -3, 3, -3, -3, 1, -1, -3, 1, -3, -1, -5, 1, -3, 3, -3, 3, -5, -1, -3, 1, -3, -1, -3]
91: 准确率为0.46875, kendall系数为0.07977451790221586, spearman系数为0.09370791409872918
human_scores is [0, 0, 1, -1, 1, -1, 1, -1, 1, -1, 1, -1, 1, -1, 1, -1, 1, -1, 1, -1, 1, -1, 0, 0, 1, -1, 1, -1, 1, -1, 1, -1, 1, -1, 1, -1, 0, 0, 1, -1, 1, -1]
model_scores is [-3, -1, 3, -3, 1, -3, 3, -3, 3, -3, 1, -3, 3, -3, 3, -3, 1, -3, 3, -3, 3, -3, -3, 3, -3, 1, -1, -3, -1, -3, -3, -3, 1, -3, 1, -3, -3, -3, -3, -3, -3, -3]
92: 准确率为0.8055555555555556, kendall系数为0.6105979997477364, spearman系数为0.6741464108335509
human_scores is [0, 0, 1, -1, 1, -1, 0, 0, 1, -1, 1, -1, 1, -1, 1, -1, 0, 0, 1, -1, 1, -1, 1, -1, -1, 1, 0, 0, 1, -1, -1, 1, -1, 1, 0, 0, 1, -1, 1, -1, 1, -1]
model_scores is [1, -3, 3, -3, 1, -1, 3, -3, 3, -3, 5, -3, 1, -3, -3, -3, 3, -3, 3, -3, 5, -3, -3, 3, 1, -3, 1, -3, 3, -3, 5, -3, 3, -3, 5, -3, -1, -3, -3, -3, -3, -1]
93: 准确率为0.625, kendall系数为0.1691143873398605, spearman系数为0.19318232981466374
human_scores is [-1, 1, -1, 1, -1, 1, -1, 1, -1, 1, -1, 1, 0, 0, 0, 0, 1, -1, 1, -1, 1, -1, 0, 0, 1, -1, 1, -1, 1, -1, 1, -1, 1, -1, 1, -1, 0, 0, 0, 0, 0, 0]
model_scores is [-5, 3, -1, -3, 3, -3, -5, 1, 3, -3, 3, -3, 3, -5, 3, -5, 1, -1, 5, -3, 3, -3, 1, -3, -5, -1, 3, -5, 1, -3, -5, 1, 3, -3, 1, -3, 3, -5, 3, -3, -1, -1]
94: 准确率为0.6666666666666666, kendall系数为0.15179801409357008, spearman系数为0.18093699580752023
human_scores is [-1, 1, 0, 0, 0, 0, 0, 0, 1, -1, -1, 1, 1, -1, 1, -1, 1, -1, 1, -1, 1, -1, 0, 0, 0, 0, 1, -1, -1, 1, 0, 0, 1, -1, -1, 1, 1, -1, -1, 1, -1, 1]
model_scores is [-1, -1, -3, 1, 1, -1, 1, -3, 3, -3, 3, -3, -1, -1, -1, -1, -3, -3, 3, -3, 3, -3, 1, -1, -3, -1, 3, -5, 3, -5, -1, -3, 3, -3, 3, -3, 3, -5, 3, -5, -1, -3]
95: 准确率为0.5666666666666667, kendall系数为0.09097784858253485, spearman系数为0.0984088178251334
human_scores is [1, -1, -1, 1, 0, 0, 0, 0, 0, 0, -1, 1, -1, 1, -1, 1, -1, 1, -1, 1, -1, 1, 1, -1, 1, -1, 1, -1, 0, 0, 0, 0, 0, 0, -1, 1, 0, 0, -1, 1, -1, 1]
model_scores is [-3, 3, -1, -3, -3, 1, 3, -3, 3, -3, 3, -3, 3, -3, 3, -3, 3, -3, 3, -3, 3, -3, -3, 3, -1, -3, -1, -3, 3, -3, 3, -3, 5, -3, 3, -3, 1, -3, 4, -3, 3, -1]
96: 准确率为0.10714285714285714, kendall系数为0.5409581572900485, spearman系数为0.6155223615369211
human_scores is [-1, 1, -1, 1, -1, 1, -1, 1, -1, 1, 0, 0, 0, 0, 1, -1, 1, -1, 1, -1, 1, -1, 1, -1, 1, -1, 1, -1, 1, -1, 0, 0, 0, 0, 1, -1, 0, 0, 1, -1, 1, -1]
model_scores is [-3, 5, 3, -3, -1, -1, 3, -3, 3, -5, 3, -3, 3, -3, 1, -3, 3, -3, 3, -3, 3, -5, -3, 3, -3, 3, -1, -5, 3, -3, 3, -5, 3, -5, 3, -3, 5, -5, 1, -3, -5, -1]
97: 准确率为0.59375, kendall系数为0.09385555618349126, spearman系数为0.11796489823965794
human_scores is [1, -1, 1, -1, 1, -1, 1, -1, 1, -1, 1, -1, 1, -1, 1, -1, 1, -1, 1, -1, 1, -1, 0, 0, 0, 0, 0, 0, -1, 1, 0, 0, 0, 0, -1, 1, 0, 0, -1, 1, -1, 1]
model_scores is [3, -3, 3, -5, 3, -3, 3, -5, 5, -5, 3, -3, 3, -5, 1, -1, 3, -3, 3, -3, 3, -3, -3, -1, -7, -3, -1, -3, -1, -3, 3, -3, 3, -3, 3, -3, 3, -3, 3, -3, -1, -1]
98: 准确率为0.8, kendall系数为0.4447764460451135, spearman系数为0.5117203297024147
human_scores is [-1, 1, 0, 0, 0, 0, -1, 1, 0, 0, -1, 1, 1, -1, 1, -1, 1, -1, 1, -1, 0, 0, 0, 0, -1, 1, 0, 0, -1, 1, -1, 1, 0, 0, -1, 1, 1, -1, -1, 1, -1, 1]
model_scores is [1, -1, 3, -3, 3, -3, 3, -3, 3, -3, 3, -3, 1, -5, 1, -3, 3, -3, 3, -3, 3, -3, -3, -2, -3, -1, -3, -3, -3, -3, -3, -3, -1, -3, 1, -3, 3, -3, 1, -3, 1, -3]
99: 准确率为0.4642857142857143, kendall系数为0.0670138705309387, spearman系数为0.0733411626293031
平均准确率为0.5623528132943767, 平均kendall系数为0.3031374721500566, 平均spearman系数为0.34765522538847743
