human_scores is [0, 0, 1, -1, 0, 0, 0, 0, 1, -1, 1, -1, 1, -1, 0, 0, 0, 0, 1, -1, 1, -1, -1, 1, -1, 1, 1, -1, 1, -1, 0, 0, 1, -1, 1, -1, 1, -1, 1, -1, 0, 0]
model_scores is [5, -5, 5, -5, -1, -3, 5, -5, 3, -5, 3, -5, 1, -3, -1, 3, -1, -1, 3, -3, 1, -5, -3, 3, -3, 1, 1, -1, 1, -1, 1, -3, 5, -5, 5, -5, 3, -5, 3, -5, 1, 1]
0: 准确率为1.0, kendall系数为0.677560153530383, spearman系数为0.7812600002947536
human_scores is [1, -1, 1, -1, 0, 0, 1, -1, 1, -1, 0, 0, 0, 0, -1, 1, 1, -1, 1, -1, -1, 1, -1, 1, 1, -1, 1, -1, -1, 1, 1, -1, 1, -1, 0, 0, 0, 0, -1, 1, -1, 1]
model_scores is [-5, -3, 1, -5, 1, -5, 3, -5, 5, -3, 1, -5, 3, -5, 1, -3, 1, -5, 5, -5, 3, -5, -2, -1, 1, -5, 5, -3, 1, -1, 3, -5, 5, -4, -3, -2, -1, -1, -5, -1, -5, 3]
1: 准确率为0.71875, kendall系数为0.4441213504734491, spearman系数为0.51787790172689
human_scores is [-1, 1, 0, 0, -1, 1, 1, -1, 1, -1, 0, 0, 1, -1, 0, 0, 1, -1, 1, -1, 1, -1, -1, 1, 1, -1, 1, -1, 0, 0, 1, -1, 1, -1, 1, -1, 0, 0, -1, 1, -1, 1]
model_scores is [-5, -1, -3, -1, -3, -2, 1, -3, 1, -3, 2, -4, -2, -2, -1, -3, 1, -4, 1, -5, 2, -4, -4, 0, 2, -4, 5, -5, 2, -4, 0, -5, 2, -5, 2, -4, 2, -1, -2, -2, -2, 1]
2: 准确率为0.84375, kendall系数为0.625870392050903, spearman系数为0.7526940601473769
human_scores is [0, 0, -1, 1, 0, 0, -1, 1, 1, -1, 1, -1, -1, 1, 0, 0, -1, 1, 1, -1, 1, -1, 1, -1, 0, 0, 1, -1, 1, -1, -1, 1, 1, -1, 1, -1, 1, -1, 1, -1, 0, 0]
model_scores is [3, -3, 3, -5, 5, -4, 3, -3, 5, -5, 5, -5, -3, -2, 3, -5, -3, -1, 5, -5, 5, -5, -1, -3, -1, -3, 3, -3, 0, -3, -5, 3, 5, -3, 3, -3, 3, -5, 5, -3, -1, -1]
3: 准确率为0.765625, kendall系数为0.5236658028993831, spearman系数为0.6090474873761998
human_scores is [1, -1, 1, -1, 1, -1, 1, -1, 1, -1, 1, -1, 0, 0, 0, 0, 1, -1, 0, 0, 1, -1, 0, 0, 1, -1, 0, 0, 1, -1, 1, -1, 0, 0, 1, -1, -1, 1, 0, 0, 1, -1]
model_scores is [5, -5, 5, -5, 1, -5, 5, -5, 5, -5, 3, -5, 5, -2, -1, 1, 5, -5, 5, -3, 2, -3, -5, 1, 3, -1, 3, -3, 3, -3, 5, -5, 5, -5, 3, -5, -1, 3, -3, 1, 1, 1]
4: 准确率为0.9642857142857143, kendall系数为0.6546179361422211, spearman系数为0.7617197117176283
human_scores is [1, -1, 1, -1, 1, -1, 1, -1, 1, -1, 1, -1, 0, 0, 0, 0, 1, -1, 1, -1, 1, -1, 0, 0, 1, -1, 1, -1, 1, -1, 1, -1, 1, -1, 1, -1, 0, 0, 0, 0, 0, 0]
model_scores is [3, -5, 3, -5, 3, -5, 3, -5, 3, -5, 3, -3, 3, -5, 1, -1, 5, -5, 5, -1, 1, -1, -1, 3, -1, -3, 1, -3, -1, -1, 1, -5, 2, -1, 3, -1, 3, -1, -1, -1, -5, 1]
5: 准确率为0.9333333333333333, kendall系数为0.6610181956232786, spearman系数为0.7600086635850147
human_scores is [0, 0, -1, 1, -1, 1, 1, -1, 1, -1, 1, -1, -1, 1, -1, 1, 1, -1, 1, -1, 1, -1, 0, 0, 1, -1, 1, -1, 1, -1, 1, -1, 1, -1, 1, -1, 0, 0, 0, 0, 0, 0]
model_scores is [-1, 5, -5, 5, -5, 3, -5, 3, 1, -3, 3, -3, -1, -1, -1, -1, -3, -1, 5, -3, 3, -5, 3, -1, -3, 3, 5, -5, 5, -5, -5, 1, 5, -5, 5, -5, 3, -5, 5, -5, 3, -1]
6: 准确率为0.71875, kendall系数为0.385967654901011, spearman系数为0.4524636681912546
human_scores is [1, -1, 1, -1, 1, -1, 1, -1, 1, -1, 1, -1, 1, -1, 0, 0, 0, 0, 1, -1, 0, 0, -1, 1, -1, 1, 0, 0, -1, 1, 0, 0, 1, -1, 0, 0, 1, -1, 0, 0, -1, 1]
model_scores is [5, -5, 5, -5, 4, -4, 3, -3, 3, -5, 3, -5, -1, -1, -5, 5, -5, 5, 1, -1, -1, 1, -3, 3, -5, 5, 5, -1, -1, -1, -3, 3, 3, -5, 1, -3, 5, -5, 3, -3, -1, -1]
7: 准确率为0.8928571428571429, kendall系数为0.5753804570019107, spearman系数为0.6865717829082303
human_scores is [0, 0, 0, 0, 0, 0, 1, -1, 1, -1, 1, -1, 0, 0, 0, 0, 1, -1, 1, -1, 1, -1, 0, 0, 1, -1, 1, -1, 1, -1, 1, -1, 1, -1, 1, -1, 1, -1, 1, -1, 0, 0]
model_scores is [4, -4, 2, -5, 2, -3, 4, -5, 2, -5, 2, -5, 2, -4, -2, -1, 3, -5, 5, -5, 1, -5, -4, -3, 0, -2, 2, -5, -2, -3, 3, -1, 3, -5, -1, -3, 3, -1, -5, 3, -5, 1]
8: 准确率为0.8392857142857143, kendall系数为0.5007994181414301, spearman系数为0.5919720012857232
human_scores is [0, 0, 1, -1, 0, 0, 1, -1, 1, -1, 1, -1, 1, -1, 0, 0, 1, -1, 1, -1, 1, -1, -1, 1, 1, -1, 1, -1, 1, -1, 1, -1, 1, -1, 1, -1, 0, 0, 0, 0, 0, 0]
model_scores is [-5, 3, -3, 1, -5, 3, 1, -3, 3, -3, 1, 1, 1, -5, 1, -3, 5, -5, 3, -5, 5, -5, -5, 1, 1, -5, 3, -3, 3, -1, 5, -5, 3, -5, 3, -3, 3, -1, 1, 1, 1, -1]
9: 准确率为0.9, kendall系数为0.632647463239056, spearman系数为0.7263625352231639
human_scores is [1, -1, 1, -1, 1, -1, 1, -1, 1, -1, 1, -1, 1, -1, 0, 0, 1, -1, 1, -1, 1, -1, -1, 1, 1, -1, 0, 0, 1, -1, 1, -1, 1, -1, 1, -1, -1, 1, 0, 0, 1, -1]
model_scores is [-5, 0, 3, -4, -1, -3, 1, -4, 1, -4, 5, -4, 2, -5, 3, -5, 3, -1, 2, -5, 2, -5, -3, 3, -3, 1, -1, 1, 1, -1, -1, -3, 1, -3, 5, -5, 1, -1, 1, -3, 5, -3]
10: 准确率为0.7916666666666666, kendall系数为0.5231132472600821, spearman系数为0.6223910910877558
human_scores is [1, -1, 1, -1, 1, -1, 1, -1, 1, -1, 1, -1, -1, 1, -1, 1, -1, 1, 0, 0, -1, 1, 0, 0, -1, 1, 1, -1, 0, 0, -1, 1, 1, -1, 0, 0, 1, -1, 1, -1, -1, 1]
model_scores is [-2, -2, 4, -4, 5, -5, 3, -4, 5, -5, 5, -5, 0, -5, 1, -3, 5, -5, 5, -3, 3, -3, 1, 1, -1, -1, 1, -5, 3, -3, 1, 1, 3, -5, 1, -3, 5, -3, 1, -3, -1, 1]
11: 准确率为0.6911764705882353, kendall系数为0.32224777274467314, spearman系数为0.3776887160840363
human_scores is [-1, 1, -1, 1, 0, 0, 0, 0, 1, -1, 0, 0, -1, 1, 1, -1, 1, -1, 1, -1, 1, -1, 1, -1, 1, -1, 1, -1, 1, -1, 0, 0, 1, -1, 0, 0, 1, -1, 0, 0, -1, 1]
model_scores is [-3, -2, -1, -5, 1, -5, -1, -3, 1, -5, 2, -5, 1, -3, 1, -5, -1, -1, 3, -5, 5, -5, 3, -1, -1, 3, 1, -3, -1, -1, -3, 1, 3, -1, -1, -1, 1, -3, 1, -3, -5, 1]
12: 准确率为0.7333333333333333, kendall系数为0.36181361349331637, spearman系数为0.4245510334545342
human_scores is [1, -1, 1, -1, 1, -1, 1, -1, 1, -1, 1, -1, -1, 1, 0, 0, 1, -1, 0, 0, 1, -1, 1, -1, 1, -1, 1, -1, 1, -1, 1, -1, 0, 0, 1, -1, -1, 1, 0, 0, 1, -1]
model_scores is [3, -4, 3, -4, 2, -4, 3, -4, 3, -4, 2, -4, -1, -1, -3, -1, 3, -3, 3, -1, 3, -1, -5, 1, -1, -1, 3, -1, 1, -1, -1, -5, 1, -3, -1, -3, 3, -1, 1, -1, -3, -1]
13: 准确率为0.7352941176470589, kendall系数为0.45127990564413595, spearman系数为0.5123743415677984
human_scores is [0, 0, 0, 0, -1, 1, -1, 1, 0, 0, 1, -1, 0, 0, -1, 1, -1, 1, 0, 0, 1, -1, -1, 1, -1, 1, 0, 0, 1, -1, 0, 0, 1, -1, 1, -1, 1, -1, 1, -1, 1, -1]
model_scores is [1, 1, 1, -3, -5, 3, -5, 1, 3, 1, 1, -3, -3, -2, -5, 3, -3, 3, -1, -1, 3, -1, -3, 1, -3, 3, -1, 3, 3, -3, -1, 1, 1, -3, 3, -3, 3, -1, 3, -3, 3, -1]
14: 准确率为1.0, kendall系数为0.7629974049294106, spearman系数为0.842193555033841
human_scores is [1, -1, 1, -1, 0, 0, 1, -1, 1, -1, 1, -1, -1, 1, -1, 1, 0, 0, 1, -1, 1, -1, -1, 1, 1, -1, 1, -1, 1, -1, 1, -1, 1, -1, 1, -1, 1, -1, 1, -1, 0, 0]
model_scores is [2, -5, 5, -5, 4, -4, 5, -5, 3, -5, 4, -5, 1, 1, -4, 4, 1, -3, 5, -3, 1, -5, -5, 4, -1, -1, 3, -3, 3, -1, 4, -4, 3, -5, 4, -5, 1, -1, 3, -1, -1, 1]
15: 准确率为0.9444444444444444, kendall系数为0.7160172367418485, spearman系数为0.8297922114605534
human_scores is [-1, 1, 0, 0, 1, -1, 1, -1, 0, 0, 1, -1, 1, -1, 1, -1, 1, -1, 1, -1, 1, -1, 1, -1, 1, -1, 0, 0, 1, -1, 1, -1, -1, 1, 1, -1, -1, 1, 0, 0, 1, -1]
model_scores is [3, -5, 5, -5, 3, -3, 1, -5, 1, -5, 1, -5, -3, 3, -1, 3, 3, -3, -5, 1, 3, -3, 1, -1, 3, -5, -3, -1, 5, -5, 5, -3, -1, 3, 5, -3, -5, 4, 1, -1, 5, -5]
16: 准确率为0.7647058823529411, kendall系数为0.40572930478688063, spearman系数为0.47679342082800674
human_scores is [0, 0, 0, 0, -1, 1, 1, -1, -1, 1, -1, 1, 0, 0, -1, 1, 1, -1, -1, 1, -1, 1, -1, 1, 1, -1, -1, 1, -1, 1, 1, -1, 1, -1, 1, -1, -1, 1, -1, 1, 0, 0]
model_scores is [-5, 1, 3, -3, -5, 3, -5, 1, -3, -1, 1, -3, 5, -3, -1, -1, -1, 1, 3, -5, 3, -3, -5, 5, -5, 3, -3, 1, -3, 3, -1, -3, 5, -3, 3, -3, 1, -5, 3, -3, -1, -3]
17: 准确率为0.4411764705882353, kendall系数为0.007905763326152698, spearman系数为0.00891541040784601
human_scores is [0, 0, -1, 1, -1, 1, -1, 1, 0, 0, 1, -1, -1, 1, -1, 1, -1, 1, 0, 0, 1, -1, 1, -1, 1, -1, 1, -1, 1, -1, 1, -1, 1, -1, 1, -1, 1, -1, 1, -1, 1, -1]
model_scores is [-1, 0, 0, -3, -5, 4, -5, 5, 1, -3, 3, -1, 0, -3, -5, 3, -5, 5, 0, -3, 1, -2, -5, 0, -5, 3, -2, -2, -3, 3, -2, 3, 5, -5, 5, -5, 5, -5, 5, -5, -5, 5]
18: 准确率为0.625, kendall系数为0.26136709280559034, spearman系数为0.3056245063519397
human_scores is [-1, 1, 1, -1, 1, -1, 1, -1, 1, -1, 1, -1, 1, -1, 1, -1, 1, -1, 1, -1, 1, -1, 0, 0, 0, 0, 0, 0, 0, 0, 0, 0, 0, 0, 0, 0, 0, 0, 0, 0, 0, 0]
model_scores is [5, -5, 5, -5, 3, -5, 3, -5, 3, -5, 3, -4, 3, -1, 1, 1, -5, 3, 1, -1, 3, 1, -1, 5, -5, 3, -1, -1, -1, -1, -1, 1, 1, -3, 1, -3, 2, -5, 3, -5, -1, -1]
19: 准确率为0.7272727272727273, kendall系数为0.2928647273685641, spearman系数为0.33202294265571586
human_scores is [-1, 1, -1, 1, -1, 1, 0, 0, -1, 1, 0, 0, 1, -1, 1, -1, 1, -1, 1, -1, 1, -1, 0, 0, 1, -1, 0, 0, 1, -1, 1, -1, 0, 0, 1, -1, -1, 1, 0, 0, 1, -1]
model_scores is [-5, 5, -3, -1, -5, -1, -1, -3, 3, -5, 3, -5, 5, -5, 4, -4, 5, -5, 3, -4, 3, -5, -5, -1, -1, -1, 3, -5, 3, -3, 1, -5, 3, -5, 3, -5, 3, -5, 1, -3, -1, -3]
20: 准确率为0.7333333333333333, kendall系数为0.4310543801365239, spearman系数为0.5056300155925102
human_scores is [1, -1, 1, -1, 1, -1, 1, -1, 1, -1, 1, -1, 1, -1, 1, -1, 0, 0, 1, -1, 1, -1, 0, 0, -1, 1, 1, -1, 1, -1, -1, 1, 1, -1, 1, -1, 1, -1, 1, -1, 0, 0]
model_scores is [2, -4, 2, -5, 4, -4, 2, -4, 2, -5, 5, -5, 3, -4, 2, -4, 0, -2, 0, -5, 1, -5, -1, 1, -3, 1, -1, -3, -1, -1, -1, -1, 3, -3, -1, -3, -3, -3, 1, -5, -3, 3]
21: 准确率为0.8472222222222222, kendall系数为0.6852299959739975, spearman系数为0.8022386093868651
human_scores is [1, -1, 1, -1, 1, -1, 1, -1, 1, -1, 1, -1, 1, -1, 1, -1, 1, -1, 1, -1, 1, -1, 0, 0, 1, -1, 1, -1, 1, -1, 1, -1, 1, -1, 1, -1, 0, 0, 0, 0, 0, 0]
model_scores is [1, -5, 5, -5, 4, -5, 4, -5, 5, -5, 5, -5, 3, -5, -1, -5, 5, -5, 3, -5, 1, -5, -5, 1, 5, -3, 1, -5, -1, -3, 3, -5, 3, -5, 3, -3, -3, -1, -3, -3, 1, -1]
22: 准确率为0.9411764705882353, kendall系数为0.8178908672618148, spearman系数为0.9012237834452306
human_scores is [-1, 1, 0, 0, -1, 1, -1, 1, 0, 0, 0, 0, 1, -1, 0, 0, 0, 0, 1, -1, 1, -1, -1, 1, -1, 1, 0, 0, 0, 0, 0, 0, 1, -1, 1, -1, 1, -1, 1, -1, 0, 0]
model_scores is [-5, 3, -2, 3, -5, 5, 1, 3, 1, -1, -1, 5, 1, -3, 3, -1, 1, -3, 3, -5, 1, -1, -1, 1, -1, -1, 5, -1, 1, -2, 1, -5, 5, -3, 1, -3, 5, -3, -1, -1, -1, 5]
23: 准确率为0.875, kendall系数为0.5188745216627708, spearman系数为0.6135505341356758
human_scores is [0, 0, -1, 1, 0, 0, 1, -1, -1, 1, 1, -1, -1, 1, 0, 0, 1, -1, -1, 1, 1, -1, 1, -1, 1, -1, 1, -1, 1, -1, 1, -1, -1, 1, 1, -1, -1, 1, 0, 0, 1, -1]
model_scores is [-5, -1, -3, -5, -5, 3, 5, -5, -1, -1, 1, -5, -1, -3, -5, 3, 3, -3, -3, -3, 1, -5, -5, 1, 1, -5, -3, -1, -3, -3, 5, -5, 4, -3, 5, -5, -5, 3, -5, 3, -1, -5]
24: 准确率为0.6764705882352942, kendall系数为0.3079830803709098, spearman系数为0.3733812731308889
human_scores is [1, -1, 1, -1, 1, -1, 0, 0, 1, -1, 1, -1, 1, -1, 1, -1, -1, 1, 1, -1, 1, -1, 0, 0, -1, 1, 0, 0, 1, -1, -1, 1, 0, 0, 1, -1, 1, -1, 1, -1, 1, -1]
model_scores is [-3, 1, 3, -5, -5, -4, 1, -5, 1, -5, -1, -3, 3, -5, 3, -3, 3, -3, 3, -3, 3, -5, -5, 3, -3, 1, -5, 3, -3, 3, 3, -5, -1, -3, 1, -5, 1, -3, 1, -5, -1, -1]
25: 准确率为0.6764705882352942, kendall系数为0.27007075757628746, spearman系数为0.3230391471157077
human_scores is [-1, 1, 0, 0, -1, 1, -1, 1, -1, 1, -1, 1, 1, -1, 0, 0, -1, 1, 0, 0, 0, 0, -1, 1, -1, 1, -1, 1, -1, 1, -1, 1, 0, 0, 0, 0, 1, -1, 1, -1, 0, 0]
model_scores is [-5, 5, 3, -3, -3, 2, -3, -1, -1, -1, -1, 1, 5, -5, 3, -5, 5, -5, 5, -5, 1, -5, -3, 1, -1, 1, -1, -1, -1, 3, 1, -3, 1, -3, -1, -1, -3, -1, -3, 1, -5, 1]
26: 准确率为0.6428571428571429, kendall系数为0.15215291717243423, spearman系数为0.18633160544045138
human_scores is [1, -1, 1, -1, 1, -1, 1, -1, 1, -1, 1, -1, 1, -1, -1, 1, 1, -1, 0, 0, 1, -1, -1, 1, 0, 0, -1, 1, 0, 0, 1, -1, 1, -1, 1, -1, -1, 1, 0, 0, 1, -1]
model_scores is [4, -4, 4, -5, 3, -5, 4, -5, 4, -5, 4, -5, 5, -3, -5, 3, 5, -3, 5, -5, 5, -5, -5, 5, 1, 1, 3, -3, 5, -3, 5, -5, 5, -5, 5, -5, 5, -5, 3, -5, 3, 1]
27: 准确率为0.8529411764705882, kendall系数为0.5777249869892408, spearman系数为0.6657645063750885
human_scores is [-1, 1, 0, 0, 1, -1, 1, -1, 1, -1, 1, -1, 1, -1, 1, -1, 1, -1, 1, -1, 1, -1, 1, -1, 1, -1, 1, -1, 1, -1, 0, 0, 1, -1, 1, -1, 1, -1, 1, -1, 0, 0]
model_scores is [-1, -3, 4, -5, 4, -5, 4, -5, 3, -5, 5, -5, 4, -3, 4, -3, 5, -5, 3, -5, 5, -5, -1, 5, 5, -5, 3, -4, 5, -3, 5, -2, 3, -4, 5, -5, 3, -3, 1, -1, -1, 3]
28: 准确率为0.9166666666666666, kendall系数为0.6176177563670293, spearman系数为0.7270784592218884
human_scores is [-1, 1, 1, -1, -1, 1, 1, -1, 1, -1, 1, -1, 1, -1, 0, 0, 1, -1, 1, -1, 1, -1, -1, 1, 1, -1, 1, -1, 1, -1, 1, -1, 1, -1, 1, -1, 0, 0, 0, 0, 0, 0]
model_scores is [-5, 0, 5, -4, -2, 2, 0, -4, 1, -5, 0, -4, 5, -5, 1, -1, 4, -5, 5, -4, 5, -5, -4, 5, 1, -1, 1, -5, -1, 1, 3, -4, 5, -5, 1, -5, 1, -3, -1, -1, -5, 3]
29: 准确率为0.8970588235294118, kendall系数为0.7029500380403015, spearman系数为0.8112958373602781
human_scores is [1, -1, 1, -1, 0, 0, -1, 1, 1, -1, 1, -1, 1, -1, -1, 1, -1, 1, 0, 0, 1, -1, -1, 1, -1, 1, -1, 1, 0, 0, -1, 1, 1, -1, 1, -1, 1, -1, 1, -1, 1, -1]
model_scores is [-1, -1, 1, -3, -1, -3, 1, -1, 3, -4, 5, -5, -3, -1, -3, -1, 1, -1, 3, -3, 5, -5, -5, 1, -3, -3, 5, -4, 5, -5, 3, -5, 1, -4, 5, -5, 3, -4, 5, -3, 3, -5]
30: 准确率为0.6666666666666666, kendall系数为0.35198204219063695, spearman系数为0.4196013292096194
human_scores is [-1, 1, 0, 0, 1, -1, 1, -1, 1, -1, 1, -1, 1, -1, 1, -1, 1, -1, 1, -1, 1, -1, 1, -1, 1, -1, 1, -1, 1, -1, 0, 0, 1, -1, 0, 0, 1, -1, 0, 0, -1, 1]
model_scores is [-2, -3, -2, 0, 3, -1, 2, -4, 3, -5, 3, -5, -1, 2, -1, -5, -3, -1, 3, -3, 5, -5, 1, -5, 3, -1, 5, -5, 5, -5, -3, 1, 3, -1, 5, -5, 3, -3, 5, -5, 3, -1]
31: 准确率为0.7941176470588235, kendall系数为0.47849948016126403, spearman系数为0.5857930890610249
human_scores is [1, -1, -1, 1, 1, -1, -1, 1, 0, 0, 1, -1, -1, 1, -1, 1, -1, 1, -1, 1, 0, 0, 1, -1, 0, 0, 1, -1, 1, -1, -1, 1, -1, 1, 1, -1, 1, -1, 1, -1, 1, -1]
model_scores is [2, -2, 2, -2, 4, -2, 3, -4, 2, -5, 4, -4, 2, -2, -5, 4, 0, -5, 2, -4, 1, -4, -3, 2, -2, -1, -2, 0, -1, 2, 2, -5, 2, -4, 2, -3, 0, -4, -1, -4, -2, 0]
32: 准确率为0.3888888888888889, kendall系数为0.10179888024257024, spearman系数为0.11602042712282691
human_scores is [0, 0, 1, -1, 1, -1, 1, -1, 1, -1, 1, -1, 1, -1, 1, -1, 1, -1, 1, -1, 1, -1, -1, 1, 0, 0, 0, 0, 0, 0, 1, -1, 1, -1, 1, -1, 0, 0, 0, 0, 0, 0]
model_scores is [-1, -1, 5, -4, 3, -3, 3, -4, 3, -4, 5, -4, 5, -4, 3, -5, 5, -5, 3, -4, 3, -5, -5, 3, -1, -1, -3, -1, 1, -1, 1, -5, -1, -5, 1, -1, -3, -1, -1, -1, -1, -1]
33: 准确率为0.9642857142857143, kendall系数为0.8529784750575858, spearman系数为0.9213397690839886
human_scores is [-1, 1, 1, -1, 0, 0, 1, -1, 1, -1, 1, -1, 1, -1, 1, -1, 1, -1, 1, -1, 1, -1, -1, 1, 0, 0, -1, 1, 0, 0, 1, -1, 1, -1, 1, -1, -1, 1, 0, 0, 1, -1]
model_scores is [1, -3, 3, -5, -3, -1, 3, -5, 3, -5, 3, -5, 3, -3, -1, 3, 3, -3, 3, -5, 3, -5, -3, 3, -1, -3, -1, -1, 3, -1, 3, -3, 5, -5, 5, -3, -1, -1, 3, -1, 3, -1]
34: 准确率为0.8235294117647058, kendall系数为0.6402696335690877, spearman系数为0.7167181120769962
human_scores is [1, -1, 1, -1, 1, -1, 1, -1, 1, -1, 1, -1, 0, 0, -1, 1, 0, 0, -1, 1, 0, 0, -1, 1, 0, 0, -1, 1, 0, 0, 1, -1, 0, 0, 1, -1, -1, 1, 0, 0, 1, -1]
model_scores is [5, -1, 3, -5, -1, 3, 5, -5, 5, -1, 5, -3, 1, 1, -3, 4, 5, -3, 1, 1, 5, -1, -3, 5, 1, -5, 1, 3, 5, 1, 3, -3, 2, -3, 5, -3, -3, 1, 5, -1, 5, -3]
35: 准确率为0.8571428571428571, kendall系数为0.5628701949740594, spearman系数为0.6668710089447732
human_scores is [1, -1, 1, -1, 1, -1, 1, -1, 1, -1, 1, -1, 0, 0, 1, -1, 1, -1, 1, -1, 1, -1, 1, -1, 1, -1, 1, -1, 1, -1, 0, 0, 0, 0, 0, 0, 0, 0, 0, 0, 0, 0]
model_scores is [-3, -3, 5, -5, -1, -5, 1, -3, 3, -5, 1, -5, 3, -5, 1, -5, 1, -3, 3, -5, -1, -5, -3, -2, -3, 1, 3, -3, -5, 3, -5, 1, -1, -1, -3, 1, 3, -5, -3, -1, -3, 5]
36: 准确率为0.7142857142857143, kendall系数为0.38274886533556374, spearman系数为0.45431650132827817
human_scores is [1, -1, 0, 0, 1, -1, 1, -1, 1, -1, 1, -1, -1, 1, 0, 0, 1, -1, 1, -1, 1, -1, 1, -1, 1, -1, 1, -1, 1, -1, 1, -1, 1, -1, 1, -1, 1, -1, 1, -1, 0, 0]
model_scores is [5, -5, 3, -5, 1, -5, 5, -5, 5, -5, 5, -5, -3, 3, -5, 5, 3, -3, 3, -1, 1, -1, -3, 1, 3, -5, 1, -3, 1, -5, 3, -5, 3, -5, 3, -5, -1, 1, -3, 3, 1, 1]
37: 准确率为0.8333333333333334, kendall系数为0.5644323774975393, spearman系数为0.6681049390294438
human_scores is [1, -1, 1, -1, 1, -1, 1, -1, 1, -1, 1, -1, 0, 0, 0, 0, 1, -1, 1, -1, 1, -1, 0, 0, 1, -1, 1, -1, 1, -1, 1, -1, 1, -1, 1, -1, 0, 0, 0, 0, 0, 0]
model_scores is [5, -3, 3, -1, 1, -1, 1, -5, 5, -5, 0, -5, -3, -1, -3, -1, -1, -1, 5, -5, -3, 1, -3, -3, 1, -5, 3, -5, -3, -1, 1, -5, 3, -5, -3, -3, 5, -1, -3, 3, -5, 5]
38: 准确率为0.8166666666666667, kendall系数为0.5002318691958717, spearman系数为0.5947271994455365
human_scores is [1, -1, 1, -1, 1, -1, 1, -1, 1, -1, 1, -1, 0, 0, 0, 0, 1, -1, 1, -1, 1, -1, 0, 0, 1, -1, 1, -1, 1, -1, 1, -1, 1, -1, 1, -1, 0, 0, 0, 0, 0, 0]
model_scores is [5, -5, 5, -5, 3, -5, 4, -4, 5, -5, 5, -5, -1, -5, -1, 3, -3, 1, 5, -5, 1, -5, -5, 1, -5, 3, -1, -5, 1, -3, -3, 1, 3, -5, 1, -5, 3, -5, 3, -5, -1, -1]
39: 准确率为0.7666666666666667, kendall系数为0.513027094838962, spearman系数为0.597605767502926
human_scores is [-1, 1, 0, 0, 0, 0, 0, 0, 1, -1, 1, -1, 1, -1, 1, -1, 1, -1, 1, -1, 1, -1, 0, 0, 0, 0, 1, -1, 1, -1, 0, 0, 1, -1, 1, -1, 1, -1, 1, -1, 0, 0]
model_scores is [-5, 3, -5, 3, -5, 5, -5, 5, 1, -5, -1, -1, -1, -5, -1, -3, -1, -5, 3, -5, 3, -5, -3, 1, -5, -1, 5, -5, 5, -5, -3, 1, 5, -5, 5, -5, 3, -5, 3, -5, -3, 3]
40: 准确率为0.8571428571428571, kendall系数为0.6479203756094964, spearman系数为0.7494754118279273
human_scores is [1, -1, 1, -1, 1, -1, 1, -1, 1, -1, 1, -1, 1, -1, 1, -1, 1, -1, 1, -1, 1, -1, 0, 0, 1, -1, 1, -1, 1, -1, 1, -1, 1, -1, 1, -1, 0, 0, 0, 0, 0, 0]
model_scores is [5, -5, 5, -5, 5, -5, 5, -5, 5, -5, 5, -5, 3, -3, -1, -3, 1, -5, 1, -5, -3, 1, -3, 1, 1, -1, 5, -1, -3, 3, -1, -5, 3, -5, -3, -1, 3, -1, -3, 1, -3, 3]
41: 准确率为0.7941176470588235, kendall系数为0.579366110585578, spearman系数为0.6634916664434535
human_scores is [1, -1, 0, 0, -1, 1, 1, -1, 1, -1, 1, -1, -1, 1, -1, 1, 0, 0, 1, -1, 1, -1, -1, 1, 1, -1, 1, -1, 1, -1, 1, -1, 1, -1, 1, -1, 1, -1, 1, -1, 0, 0]
model_scores is [-1, -3, -3, -1, -3, 3, -1, -2, -3, -3, -1, -5, -2, -1, -3, 5, -4, -1, 1, -3, -2, -5, -5, 3, 1, 1, 3, -3, 3, -3, 5, -5, 2, -5, 3, -5, 1, -1, 2, -3, 2, 4]
42: 准确率为0.8055555555555556, kendall系数为0.6068577547157431, spearman系数为0.7247965128622518
human_scores is [1, -1, 1, -1, 0, 0, 1, -1, 1, -1, 1, -1, -1, 1, -1, 1, 1, -1, 1, -1, 1, -1, -1, 1, 1, -1, 1, -1, 1, -1, 1, -1, 1, -1, 1, -1, 1, -1, 0, 0, -1, 1]
model_scores is [3, -5, 5, -5, 3, -5, 3, -5, 5, -4, 3, -5, 1, -5, -5, -1, 0, -5, -3, -4, -1, -3, -3, 1, -4, -3, -3, -3, -5, 3, -1, -5, 1, -5, -5, -3, 3, -5, -1, 1, -3, 3]
43: 准确率为0.6973684210526315, kendall系数为0.4201644225924092, spearman系数为0.4897218317656328
human_scores is [0, 0, -1, 1, 0, 0, 1, -1, 1, -1, 1, -1, -1, 1, 0, 0, 1, -1, 1, -1, 1, -1, 1, -1, 1, -1, 1, -1, 1, -1, 1, -1, 1, -1, 1, -1, 0, 0, 0, 0, 0, 0]
model_scores is [-1, -3, -1, -4, 5, -3, 3, -3, 5, -5, 5, -5, -1, -2, 2, -1, 3, -1, 3, -5, 3, -3, 3, -3, 3, -3, 5, -5, 3, -5, -1, -1, 1, 1, 1, -1, 5, -3, 3, -3, -1, 1]
44: 准确率为0.8666666666666667, kendall系数为0.5248120025416306, spearman系数为0.624532928310632
human_scores is [1, -1, 1, -1, 1, -1, 1, -1, 1, -1, 1, -1, -1, 1, 1, -1, 1, -1, 1, -1, 1, -1, 1, -1, 1, -1, 1, -1, 1, -1, 0, 0, 1, -1, 1, -1, 1, -1, 1, -1, 0, 0]
model_scores is [-2, 0, -2, 0, 2, -2, 2, -4, 4, -4, 4, -4, -1, -1, 5, -5, 5, -5, 5, -5, 5, -5, 5, -4, 4, -4, 5, -4, 5, -5, 3, -3, 5, -5, 1, -1, 1, -2, -1, -1, -2, 3]
45: 准确率为0.868421052631579, kendall系数为0.6577465117080549, spearman系数为0.7683482562233561
human_scores is [-1, 1, 0, 0, 1, -1, 0, 0, -1, 1, 0, 0, 1, -1, 1, -1, 1, -1, 0, 0, 1, -1, 1, -1, 0, 0, -1, 1, 0, 0, -1, 1, -1, 1, -1, 1, -1, 1, 0, 0, 1, -1]
model_scores is [-1, -1, -1, -1, 2, -1, 3, -1, 5, -5, 5, -3, -3, -3, 2, -2, -1, 1, 3, -5, 5, -5, 2, -1, 1, -1, 1, -5, 5, -5, -1, -2, 2, -5, 3, -5, 3, -5, 3, -3, -3, -3]
46: 准确率为0.42857142857142855, kendall系数为0.17804633705211523, spearman系数为0.21946780992822398
human_scores is [1, -1, 1, -1, 1, -1, 1, -1, 1, -1, 1, -1, 0, 0, 0, 0, 1, -1, 0, 0, 1, -1, 0, 0, 1, -1, 0, 0, 1, -1, 1, -1, 0, 0, 1, -1, -1, 1, 0, 0, 1, -1]
model_scores is [1, -5, 3, -5, 2, -4, 2, -5, 2, -5, 2, -5, 1, -5, -3, 4, 1, -5, 5, -4, 3, -5, -5, 5, 3, -1, 3, -3, 5, -3, 5, -5, 5, -5, 5, -5, 3, -5, 5, -5, -1, 1]
47: 准确率为0.8571428571428571, kendall系数为0.4404784186583785, spearman系数为0.5441039627650001
human_scores is [0, 0, 1, -1, 0, 0, 1, -1, 1, -1, 1, -1, 1, -1, 0, 0, 1, -1, 1, -1, 1, -1, -1, 1, 1, -1, 1, -1, 1, -1, 1, -1, 1, -1, 1, -1, 1, -1, 1, -1, 0, 0]
model_scores is [3, -1, 3, -4, 3, -1, 5, -5, 1, -3, 3, -5, 1, -5, -1, -1, 1, -5, 3, -3, 1, -5, -5, 1, -1, -1, 1, -3, 1, -5, 3, -3, 3, -5, 3, -5, -1, -1, -1, -1, -1, -5]
48: 准确率为0.9117647058823529, kendall系数为0.7070924984372555, spearman系数为0.8091558173122266
human_scores is [1, -1, 1, -1, 0, 0, 1, -1, 1, -1, 1, -1, -1, 1, -1, 1, -1, 1, 1, -1, 1, -1, -1, 1, 0, 0, 1, -1, 1, -1, 1, -1, 1, -1, 1, -1, 1, -1, 1, -1, 0, 0]
model_scores is [3, -5, -1, -3, -5, 5, -1, -3, 1, -5, -1, -3, -3, 2, -5, 4, -3, -2, -1, 1, -3, -1, -4, 5, -1, -1, 1, -5, 1, -5, 3, -4, 5, -3, 2, -2, -1, -5, -1, -1, -5, 1]
49: 准确率为0.75, kendall系数为0.5499719409228703, spearman系数为0.6732443933493995
human_scores is [1, -1, 1, -1, 0, 0, 1, -1, 1, -1, 1, -1, 1, -1, -1, 1, 1, -1, 1, -1, 1, -1, -1, 1, 0, 0, 1, -1, 0, 0, 1, -1, 1, -1, 1, -1, 1, -1, 0, 0, -1, 1]
model_scores is [2, -5, 2, -4, 2, -5, 2, -5, 3, -5, 2, -5, -1, 3, -5, 3, -1, 1, 5, -5, 3, -1, -4, 3, 1, -1, 5, -5, 5, -5, 1, -4, 5, -5, 3, -3, 3, -5, 3, -3, -5, 5]
50: 准确率为0.8823529411764706, kendall系数为0.6249063129498242, spearman系数为0.7366593910542888
human_scores is [1, -1, 1, -1, 1, -1, 1, -1, 1, -1, 1, -1, -1, 1, 0, 0, 0, 0, 0, 0, 0, 0, 1, -1, 1, -1, 1, -1, 1, -1, 0, 0, 0, 0, 0, 0, 0, 0, 0, 0, 0, 0]
model_scores is [3, -5, 5, -3, 3, -5, 3, -5, 5, -5, 5, -5, 1, -3, -5, -5, -5, 3, 5, -3, 1, -5, -3, -1, -5, 3, -1, -1, -1, -3, -5, 1, 1, -1, 3, -3, 3, -5, 5, -5, 1, -3]
51: 准确率为0.6818181818181818, kendall系数为0.30875811465583386, spearman系数为0.3663064728070341
human_scores is [-1, 1, 0, 0, 1, -1, 0, 0, 1, -1, 1, -1, 1, -1, 1, -1, 1, -1, 1, -1, 1, -1, 1, -1, 0, 0, 1, -1, 1, -1, -1, 1, 1, -1, 1, -1, 1, -1, 1, -1, 0, 0]
model_scores is [-1, -3, 5, -5, 1, -5, 3, -5, 5, -5, 5, -5, 5, -5, 5, -5, 5, -5, 5, -5, 5, -5, -3, 3, -3, -1, 1, -1, 1, -3, 1, -1, 5, -5, 3, -3, 3, -1, 3, -1, -1, 1]
52: 准确率为0.8529411764705882, kendall系数为0.5778567470121667, spearman系数为0.6763157944149679
human_scores is [1, -1, 1, -1, -1, 1, 1, -1, 1, -1, 1, -1, 0, 0, -1, 1, 1, -1, 1, -1, 0, 0, -1, 1, 1, -1, 1, -1, 0, 0, 1, -1, 1, -1, 1, -1, 0, 0, -1, 1, -1, 1]
model_scores is [-1, 1, -1, -3, -3, 3, 3, -3, 5, -3, 3, -3, 1, -3, -3, 1, 5, -3, 5, -3, 5, -3, -3, 3, 5, -3, 5, -5, 3, -3, 5, -5, 5, -5, 3, -3, 3, -1, -1, 5, -1, 3]
53: 准确率为0.9117647058823529, kendall系数为0.7055999547059331, spearman系数为0.8076755333730501
human_scores is [1, -1, 1, -1, 0, 0, 1, -1, 1, -1, 1, -1, 1, -1, -1, 1, 1, -1, 1, -1, 1, -1, -1, 1, 1, -1, 1, -1, 1, -1, 1, -1, 1, -1, 1, -1, -1, 1, 0, 0, 1, -1]
model_scores is [1, -5, 3, -5, -1, -4, 3, -4, 5, -5, 2, -4, -1, -3, 1, -1, 3, -4, 1, -5, -1, -4, -4, -1, 3, -4, 1, -5, 1, -4, 3, -4, 3, -4, 3, -4, 1, -3, 1, -2, -3, -1]
54: 准确率为0.7894736842105263, kendall系数为0.6705013032253685, spearman系数为0.7670552171989363
human_scores is [0, 0, 1, -1, 1, -1, 1, -1, 1, -1, 1, -1, 1, -1, 1, -1, 1, -1, 1, -1, 1, -1, 0, 0, 0, 0, 1, -1, 1, -1, 0, 0, 1, -1, 1, -1, 1, -1, 1, -1, 0, 0]
model_scores is [-5, 5, -1, -3, -3, 3, 1, -1, 3, -5, 3, -5, 5, -5, -1, -3, 5, -5, 5, -5, 3, -5, -3, 3, -3, 1, 1, -1, 3, -1, 1, -3, 3, -3, 3, -3, 3, -3, 1, -3, -3, 1]
55: 准确率为0.875, kendall系数为0.5768998762288129, spearman系数为0.6766339806505758
human_scores is [0, 0, 0, 0, 0, 0, 1, -1, 1, -1, 1, -1, 0, 0, 0, 0, 1, -1, 1, -1, 1, -1, 0, 0, 1, -1, 1, -1, 1, -1, 1, -1, 1, -1, 1, -1, 0, 0, 0, 0, 0, 0]
model_scores is [0, 0, -2, -2, -4, 2, -2, -4, -1, -4, 5, -5, 1, -3, -5, 1, 1, -3, 1, -3, 3, -5, -5, 2, 3, -5, 1, -5, 5, -5, 2, -3, 2, -4, 1, -4, 3, -1, 5, -3, 3, -1]
56: 准确率为0.9166666666666666, kendall系数为0.6015742556589849, spearman系数为0.7167864497853058
human_scores is [1, -1, 0, 0, 0, 0, 1, -1, 1, -1, 1, -1, -1, 1, -1, 1, 0, 0, 1, -1, 1, -1, 0, 0, 1, -1, 1, -1, 1, -1, 1, -1, 1, -1, 1, -1, 1, -1, 1, -1, 0, 0]
model_scores is [5, -5, 3, -5, -1, 1, 5, -3, 5, -5, 5, -4, -5, 3, -5, 5, -5, 5, -1, 1, -5, -1, -5, 5, -5, 3, 5, -5, 1, -1, 5, -3, 5, -5, 5, -5, 5, -5, 5, -3, -5, 3]
57: 准确率为0.84375, kendall系数为0.5312351508756569, spearman系数为0.6167797244997829
human_scores is [0, 0, 1, -1, 1, -1, 1, -1, 1, -1, 1, -1, 1, -1, 1, -1, 1, -1, 1, -1, 1, -1, 0, 0, -1, 1, 1, -1, 1, -1, -1, 1, 1, -1, 1, -1, 1, -1, 1, -1, 0, 0]
model_scores is [3, -5, 3, -5, 3, -3, 5, -5, 5, -5, 3, -5, -1, -3, -3, -1, -3, -3, 5, -3, -3, -3, -5, -1, -3, 3, 1, -3, -3, 1, 1, 3, 5, -5, -1, -5, 3, -5, 3, -5, -3, 5]
58: 准确率为0.7777777777777778, kendall系数为0.5437136856290832, spearman系数为0.6462872538450503
human_scores is [1, -1, 1, -1, 1, -1, -1, 1, 1, -1, 1, -1, 0, 0, 0, 0, -1, 1, 1, -1, 1, -1, 0, 0, -1, 1, 1, -1, 1, -1, -1, 1, 1, -1, 1, -1, 1, -1, 1, -1, 0, 0]
model_scores is [-4, 5, -1, -3, 5, -3, 2, -4, 3, -3, 1, -5, 5, -5, 5, -5, 5, -4, 5, -5, 5, -5, 1, -1, 3, 0, -1, -3, 3, -3, 0, 1, 1, 1, 1, 3, 3, -3, 3, -3, 2, -1]
59: 准确率为0.6470588235294118, kendall系数为0.204146885068824, spearman系数为0.24671099759837925
human_scores is [-1, 1, 1, -1, -1, 1, 1, -1, 1, -1, 1, -1, 1, -1, 0, 0, 1, -1, 1, -1, 1, -1, -1, 1, -1, 1, -1, 1, -1, 1, 1, -1, 1, -1, 1, -1, 0, 0, 0, 0, 0, 0]
model_scores is [-1, -3, 3, -5, -3, 1, 5, -5, 5, -3, 3, -3, 1, -5, -5, 1, 3, -3, 1, -5, 1, -5, -5, 3, 1, 1, 3, 1, -1, 1, 3, -5, 3, -5, 3, -5, 3, 1, -1, 3, -1, 1]
60: 准确率为0.9117647058823529, kendall系数为0.6323756916581721, spearman系数为0.7212761924105741
human_scores is [1, -1, 0, 0, 0, 0, 1, -1, 1, -1, 1, -1, -1, 1, -1, 1, -1, 1, 0, 0, 0, 0, 0, 0, 1, -1, 1, -1, 1, -1, 1, -1, 1, -1, 1, -1, 1, -1, 1, -1, 0, 0]
model_scores is [-3, 3, -5, 3, -3, 3, -5, 5, 3, -5, -1, -5, -3, -1, -5, 1, -5, 5, 5, -5, 1, -5, -3, -3, -5, -1, 5, -5, 1, -5, -3, -3, 5, -5, 3, -5, 5, -5, 3, -5, -3, 1]
61: 准确率为0.7333333333333333, kendall系数为0.4237061190470074, spearman系数为0.4875807724015178
human_scores is [0, 0, -1, 1, -1, 1, 0, 0, 1, -1, 1, -1, -1, 1, -1, 1, 0, 0, 1, -1, 1, -1, 0, 0, 1, -1, 1, -1, 1, -1, 1, -1, 1, -1, 1, -1, 1, -1, 1, -1, 0, 0]
model_scores is [0, -2, -5, 4, -5, 2, -4, 2, 2, -5, -2, -2, -4, 5, -5, 4, -5, 5, 3, -3, -5, -1, 3, -4, 0, 0, 4, -4, 4, -4, -4, 3, 3, -5, 0, -4, 5, -5, 3, -3, -3, 3]
62: 准确率为0.828125, kendall系数为0.49755041754204443, spearman系数为0.5969876635274443
human_scores is [0, 0, 1, -1, 1, -1, 1, -1, 1, -1, 1, -1, 1, -1, 1, -1, 1, -1, 1, -1, 1, -1, 1, -1, 1, -1, 1, -1, 1, -1, 1, -1, 1, -1, 1, -1, 1, -1, 1, -1, 0, 0]
model_scores is [4, -5, 5, -3, 4, -5, 5, -3, 4, -5, 4, -5, 1, -3, 1, -1, -1, -1, 3, -5, -1, 3, -1, -1, 3, 1, 3, -1, 1, 1, 3, -3, 1, -3, -1, -1, -1, 1, -1, -1, -5, 1]
63: 准确率为0.7368421052631579, kendall系数为0.4673230195461177, spearman系数为0.5660774912138284
human_scores is [1, -1, 1, -1, 1, -1, 1, -1, 1, -1, 1, -1, 1, -1, 1, -1, 1, -1, 1, -1, 1, -1, 0, 0, 0, 0, 1, -1, 1, -1, 0, 0, 1, -1, 1, -1, 1, -1, 1, -1, 0, 0]
model_scores is [3, -5, 3, -5, 3, -5, 3, -3, 3, -5, 3, -5, 3, -1, -1, -1, 1, -1, 3, -5, 1, -1, -1, 1, -1, -1, 1, -1, -1, -1, 1, -1, 3, -3, -1, -1, 3, -1, -1, -1, -1, 1]
64: 准确率为0.8823529411764706, kendall系数为0.7171135113579411, spearman系数为0.7814295770624797
human_scores is [1, -1, 1, -1, 1, -1, 1, -1, 1, -1, 1, -1, 1, -1, 0, 0, 1, -1, 1, -1, 1, -1, -1, 1, 1, -1, 1, -1, 1, -1, 1, -1, 1, -1, 1, -1, 0, 0, 0, 0, 0, 0]
model_scores is [-5, 1, 5, -5, -1, -1, 3, -3, 1, -3, 2, -5, 0, -4, 0, -5, 4, -4, 2, -5, 4, -4, -3, -1, -3, -3, 1, -3, 3, 1, 3, -4, -1, -1, 3, -1, -3, -1, -2, 0, 1, -3]
65: 准确率为0.7794117647058824, kendall系数为0.5217063955016792, spearman系数为0.6142707732381949
human_scores is [0, 0, 0, 0, 0, 0, 0, 0, 1, -1, 1, -1, 0, 0, 0, 0, 0, 0, 1, -1, 1, -1, 0, 0, 0, 0, 1, -1, 1, -1, 0, 0, 1, -1, 1, -1, 1, -1, 1, -1, 1, -1]
model_scores is [3, -3, 3, -1, -3, -1, 5, -1, 1, -5, 1, -5, -1, 3, -5, 3, -3, 3, 1, -3, -3, -3, -3, 1, 5, -1, 1, -3, -1, -3, 5, -3, 3, -5, 1, -5, 1, -5, -1, -1, -3, 1]
66: 准确率为0.7727272727272727, kendall系数为0.3705329668259884, spearman系数为0.4536882840712734
human_scores is [0, 0, 1, -1, 0, 0, 1, -1, 1, -1, 1, -1, 1, -1, 0, 0, 1, -1, 1, -1, 1, -1, -1, 1, 0, 0, 1, -1, 1, -1, 1, -1, 1, -1, 1, -1, 1, -1, 1, -1, 0, 0]
model_scores is [1, -2, 1, -5, -3, -2, 1, -1, 3, -1, 1, -3, 1, -1, -2, 2, 1, -3, 3, -5, 3, -5, -4, 1, 1, 1, 1, -3, 1, -3, 3, -3, 3, -2, 1, -4, 1, -5, 3, -5, 1, 3]
67: 准确率为1.0, kendall系数为0.7110571291368637, spearman系数为0.8207036138391908
human_scores is [0, 0, 1, -1, 1, -1, 1, -1, 1, -1, 1, -1, 1, -1, 1, -1, 1, -1, 1, -1, 1, -1, 1, -1, 0, 0, 1, -1, 1, -1, -1, 1, 0, 0, 1, -1, 1, -1, 1, -1, 1, -1]
model_scores is [1, -4, -1, -3, 5, -5, 3, -4, 3, -4, 1, -4, 1, -3, -2, -5, -1, -5, 3, -5, -1, -5, 2, -3, 1, -5, -1, -5, -3, -5, 3, -2, 1, -2, -3, -4, -5, -3, -3, -2, -3, -2]
68: 准确率为0.6666666666666666, kendall系数为0.4729732589731725, spearman系数为0.5709863861525153
human_scores is [1, -1, 1, -1, 0, 0, 1, -1, 1, -1, 1, -1, 0, 0, -1, 1, 0, 0, 1, -1, 1, -1, -1, 1, 0, 0, 1, -1, 1, -1, 1, -1, 1, -1, 1, -1, 1, -1, 1, -1, 0, 0]
model_scores is [1, -5, 5, -5, -5, 3, 3, -3, 5, -5, 5, -5, 5, -3, -5, 5, 3, -3, 5, -5, 5, -3, -5, 3, -1, -3, 5, -3, 5, -1, 3, -5, 5, -5, 5, -5, 3, -5, 5, -5, 3, 3]
69: 准确率为1.0, kendall系数为0.7950353240070653, spearman系数为0.8726990500307876
human_scores is [0, 0, 1, -1, 0, 0, 1, -1, 1, -1, 1, -1, 1, -1, 0, 0, 1, -1, 1, -1, 1, -1, -1, 1, 1, -1, 1, -1, 1, -1, 1, -1, 1, -1, 1, -1, 0, 0, 0, 0, 0, 0]
model_scores is [2, -4, 4, -4, 3, -5, 2, -3, 3, -5, 3, -3, 4, -4, 1, -5, 2, -4, 3, -4, 2, -5, -4, 3, -1, -3, -1, -5, -5, -5, 5, -5, 3, -5, 1, -5, 3, -5, -1, 1, -5, 1]
70: 准确率为0.9, kendall系数为0.5760304174356089, spearman系数为0.686577070904134
human_scores is [1, -1, 1, -1, 1, -1, 1, -1, 1, -1, 1, -1, 1, -1, 0, 0, 1, -1, 1, -1, 1, -1, -1, 1, 0, 0, 1, -1, 1, -1, 1, -1, 1, -1, 1, -1, 1, -1, 1, -1, 0, 0]
model_scores is [-3, 3, -1, 1, -3, 5, -3, 1, 3, -1, 3, -1, 5, -3, 0, 3, 3, -3, 5, -5, 5, -5, -5, 5, -3, 5, 1, -3, 1, -1, 5, -5, 5, -5, 5, -5, 5, -5, 5, -5, -3, 1]
71: 准确率为0.7777777777777778, kendall系数为0.5277737391206015, spearman系数为0.6070743039116515
human_scores is [0, 0, 1, -1, 0, 0, 1, -1, 1, -1, 1, -1, 1, -1, 0, 0, 1, -1, 1, -1, 1, -1, -1, 1, 0, 0, 0, 0, 0, 0, 1, -1, 1, -1, 1, -1, 0, 0, 0, 0, 0, 0]
model_scores is [-2, 2, -2, 1, -2, 1, -2, -2, 4, -4, 4, -5, 1, -4, -1, -1, -1, -4, 3, -4, 3, -5, -5, 3, -3, -1, 5, -5, 5, -5, 3, -3, 5, -5, 5, -5, 4, -5, 3, -5, -3, 1]
72: 准确率为0.8333333333333334, kendall系数为0.5268422192785397, spearman系数为0.6381521602410504
human_scores is [1, -1, 1, -1, 1, -1, 1, -1, 1, -1, 1, -1, 0, 0, 0, 0, 0, 0, 1, -1, 1, -1, 0, 0, 0, 0, 1, -1, 1, -1, 0, 0, 1, -1, 1, -1, 1, -1, 1, -1, 0, 0]
model_scores is [1, -5, 2, -4, 2, -2, 2, -4, 4, -4, 2, -4, -3, 1, -5, 5, -1, 1, 3, -3, 3, -3, 1, -1, 3, -5, 2, -4, 5, -5, 3, -5, 5, -4, 5, -5, 1, -4, 3, -5, 1, -3]
73: 准确率为1.0, kendall系数为0.6549720046293956, spearman系数为0.7727896911196045
human_scores is [-1, 1, -1, 1, -1, 1, 1, -1, 1, -1, 1, -1, 0, 0, 0, 0, 1, -1, 1, -1, 1, -1, 0, 0, 1, -1, 1, -1, 1, -1, 1, -1, 1, -1, 1, -1, 0, 0, 0, 0, 0, 0]
model_scores is [-4, 3, -2, -4, -3, 3, 2, -5, 2, -5, 2, -5, 0, -5, -5, 1, 4, -5, 2, -4, 2, -5, -3, 3, 1, -5, 3, -3, -3, -1, 4, -5, 5, -5, 5, -5, -3, 1, -5, 0, -5, 3]
74: 准确率为0.9333333333333333, kendall系数为0.622984757655674, spearman系数为0.73355574919711
human_scores is [-1, 1, -1, 1, -1, 1, 1, -1, 0, 0, 1, -1, 1, -1, 1, -1, 1, -1, 1, -1, 1, -1, 0, 0, 1, -1, 1, -1, 1, -1, 1, -1, 1, -1, 1, -1, -1, 1, 0, 0, 1, -1]
model_scores is [2, -4, 2, -4, 4, -4, 4, -5, 1, -5, 3, -5, 2, -4, -2, -2, 2, -5, 1, -5, 3, -5, -3, -3, 1, -5, 1, -5, 3, -5, 5, -5, 5, -5, 5, -5, 1, -3, 3, -3, -3, 1]
75: 准确率为0.6944444444444444, kendall系数为0.45975416324838786, spearman系数为0.5419553834530124
human_scores is [0, 0, 1, -1, 0, 0, 1, -1, 1, -1, 1, -1, 1, -1, 0, 0, 1, -1, 1, -1, 1, -1, -1, 1, 0, 0, 0, 0, 1, -1, 1, -1, 1, -1, 1, -1, 0, 0, 1, -1, 1, -1]
model_scores is [1, -3, 5, -3, 3, -3, 5, -3, 5, -4, 5, -4, -5, 1, -1, 3, 1, -5, 0, -1, 1, -3, 1, -3, 3, 1, 1, -1, 1, -5, 1, -3, 2, -4, 1, -3, 3, -1, 3, -1, -1, -1]
76: 准确率为0.8166666666666667, kendall系数为0.4847233142036086, spearman系数为0.5669111808182228
human_scores is [0, 0, 1, -1, -1, 1, 1, -1, 1, -1, 1, -1, 1, -1, -1, 1, 1, -1, 1, -1, 1, -1, -1, 1, 0, 0, 1, -1, 1, -1, 1, -1, 1, -1, 1, -1, 1, -1, 1, -1, 0, 0]
model_scores is [1, -1, 1, -5, -3, 3, -3, 1, 5, -5, 3, -5, -1, -3, -3, 3, -3, 1, 5, -5, 5, -5, -4, 3, -5, 3, 3, -3, 3, -3, 3, -1, 5, -3, 3, -5, 3, -5, 3, -5, 1, 1]
77: 准确率为0.8611111111111112, kendall系数为0.6841486858328634, spearman系数为0.7778106285292874
human_scores is [1, -1, 1, -1, 0, 0, 1, -1, 1, -1, 1, -1, 0, 0, -1, 1, 0, 0, -1, 1, 0, 0, -1, 1, 0, 0, -1, 1, 0, 0, 1, -1, 1, -1, 1, -1, -1, 1, 0, 0, 1, -1]
model_scores is [1, -1, 3, -3, -1, -5, 1, -1, 3, -1, 3, -1, -3, 3, -5, 3, 1, 3, 1, 1, 1, -1, -3, 3, 3, -3, 3, -1, 1, -3, 3, -5, 3, -5, 3, -5, -1, -1, 1, -1, 1, -1]
78: 准确率为0.8571428571428571, kendall系数为0.5156215247146063, spearman系数为0.5973442294687858
human_scores is [1, -1, 1, -1, 1, -1, 1, -1, 1, -1, 1, -1, 0, 0, 0, 0, 1, -1, 1, -1, 1, -1, 0, 0, 1, -1, 1, -1, 1, -1, 1, -1, 1, -1, 1, -1, 0, 0, 0, 0, 0, 0]
model_scores is [0, -3, 3, -5, -2, -5, 0, -3, 1, -5, 3, -4, -1, -1, 3, 1, -5, 1, 3, -3, 5, -1, -1, 1, -5, 1, -1, 1, 1, 1, -5, 1, 1, 1, 1, 1, 5, -5, 5, -5, 1, 1]
79: 准确率为0.5666666666666667, kendall系数为0.1588282241947976, spearman系数为0.19011197502218213
human_scores is [0, 0, 0, 0, 0, 0, 1, -1, 1, -1, 1, -1, 0, 0, 0, 0, 1, -1, 1, -1, 1, -1, 0, 0, 1, -1, 1, -1, 1, -1, 1, -1, 1, -1, 1, -1, -1, 1, -1, 1, -1, 1]
model_scores is [-1, -1, 3, -3, 5, -3, 1, -3, 1, -5, 3, -3, 3, -3, 5, -3, -3, -5, -1, -3, -1, -5, -1, 1, -1, -1, -3, -1, -1, -1, -1, -1, -1, 3, -1, 1, 1, 1, 1, -1, -3, -1]
80: 准确率为0.5, kendall系数为0.17315498528779744, spearman系数为0.2041187852277669
human_scores is [0, 0, 1, -1, 0, 0, 1, -1, 1, -1, 1, -1, 1, -1, 0, 0, 1, -1, 1, -1, 1, -1, -1, 1, -1, 1, 0, 0, 0, 0, 1, -1, 1, -1, 1, -1, 1, -1, 1, -1, 0, 0]
model_scores is [2, -5, 5, -4, 0, 2, 3, -4, 5, -4, 5, -4, 1, -1, -5, 5, -3, -3, 5, -1, 1, -1, -4, 3, -1, 5, 1, -1, -5, 5, 3, -5, 5, -4, 3, -4, 1, -3, 1, -1, -3, 5]
81: 准确率为0.9666666666666667, kendall系数为0.5489039502123341, spearman系数为0.6801229782194623
human_scores is [-1, 1, 1, -1, 1, -1, 1, -1, 1, -1, 1, -1, 1, -1, 1, -1, 1, -1, 1, -1, 1, -1, 0, 0, 0, 0, 1, -1, 1, -1, 0, 0, 1, -1, 1, -1, 1, -1, 1, -1, 0, 0]
model_scores is [2, -3, 5, -5, 1, -5, 5, -3, 3, -3, 3, -1, -1, -1, -3, 3, -3, 3, -3, -1, -3, -3, -5, 5, -3, 1, -3, 1, -3, 1, -1, -3, 5, -3, 1, -3, 3, -3, 1, -1, -3, -1]
82: 准确率为0.6176470588235294, kendall系数为0.17409258222847604, spearman系数为0.20887653206081686
human_scores is [0, 0, 1, -1, 1, -1, 1, -1, 1, -1, 1, -1, 1, -1, 1, -1, 1, -1, 1, -1, 1, -1, 0, 0, 1, -1, 1, -1, 1, -1, 1, -1, 1, -1, 1, -1, 0, 0, 0, 0, 0, 0]
model_scores is [3, -5, 3, -5, 1, -5, 3, -5, 3, -5, 3, -5, 0, -2, -5, 1, -2, -5, 0, -3, 0, -3, -5, -1, -1, -3, 1, -3, 2, -3, 1, -3, 3, -5, 3, -5, 3, -1, 3, 1, 1, -1]
83: 准确率为0.828125, kendall系数为0.550548450084469, spearman系数为0.6584345483528226
human_scores is [0, 0, -1, 1, 0, 0, 0, 0, 1, -1, 1, -1, -1, 1, 0, 0, 0, 0, 1, -1, 1, -1, 1, -1, 1, -1, 1, -1, 1, -1, 0, 0, 1, -1, 1, -1, 1, -1, 1, -1, 0, 0]
model_scores is [3, -1, 3, -5, 5, -5, 3, -3, 3, -5, 3, -5, 1, -3, 5, -5, -1, 3, 5, -3, 3, -1, 3, -3, -1, 5, 3, -3, 1, -1, -5, 3, -1, -1, -1, 1, 5, -5, 3, -1, -1, 3]
84: 准确率为0.6785714285714286, kendall系数为0.2576422448178388, spearman系数为0.3150569390338736
human_scores is [1, -1, 0, 0, 1, -1, 1, -1, 1, -1, 1, -1, -1, 1, 0, 0, 1, -1, 1, -1, 1, -1, 1, -1, 1, -1, 1, -1, 1, -1, 1, -1, 1, -1, 1, -1, 1, -1, 1, -1, 0, 0]
model_scores is [2, -5, 2, -5, 0, -4, 2, -4, 3, -4, 2, -4, -1, -1, -4, 4, 5, -5, 5, -1, 2, -3, -3, 3, 3, -5, 3, -5, 1, -5, 4, -5, 4, -5, 4, -5, -3, 3, -3, 1, 2, -5]
85: 准确率为0.7916666666666666, kendall系数为0.5059875159509722, spearman系数为0.6166773915841292
human_scores is [-1, 1, 0, 0, 0, 0, 1, -1, 1, -1, 1, -1, 1, -1, 1, -1, 1, -1, 1, -1, 1, -1, 0, 0, 1, -1, 1, -1, 1, -1, 1, -1, 1, -1, 1, -1, 0, 0, 0, 0, 0, 0]
model_scores is [-2, 1, 1, -5, 3, -1, 4, -4, 2, -3, 3, -5, 1, -5, 3, -3, 3, -5, 3, -5, 1, -5, -5, 1, -3, 1, -3, 1, 1, -1, 2, -1, -1, -3, 3, -5, -3, -1, -1, -3, 3, -3]
86: 准确率为0.8333333333333334, kendall系数为0.5304343421768536, spearman系数为0.6294037156383135
human_scores is [1, -1, 1, -1, 1, -1, 1, -1, 1, -1, 1, -1, 0, 0, 0, 0, 0, 0, 0, 0, 1, -1, 0, 0, 0, 0, 0, 0, 1, -1, 0, 0, 0, 0, 1, -1, 0, 0, 1, -1, 1, -1]
model_scores is [5, -3, 3, -3, 1, -1, -1, -1, 5, -4, 3, -3, -1, -5, -1, 3, -3, 3, 1, -4, 1, -1, -1, 3, -3, 1, 1, -1, 3, -3, -3, -1, 3, -4, 3, -3, 5, -4, 3, -3, 1, -1]
87: 准确率为0.9545454545454546, kendall系数为0.5003563792327017, spearman系数为0.6014877507015246
human_scores is [-1, 1, -1, 1, -1, 1, -1, 1, 1, -1, -1, 1, 0, 0, 0, 0, 0, 0, 1, -1, 0, 0, 0, 0, 0, 0, 1, -1, 0, 0, 0, 0, 1, -1, 0, 0, 1, -1, 0, 0, -1, 1]
model_scores is [-3, -3, -3, 1, -5, 1, -3, 1, 1, -3, 1, -3, -5, 1, -3, 5, -3, -3, 3, -3, -1, -5, -5, 0, -3, -5, -3, -4, 1, -5, 1, -5, 3, -5, 3, -5, 1, -5, -1, -5, -1, -3]
88: 准确率为0.7727272727272727, kendall系数为0.32239367079347414, spearman系数为0.39143576838614413
human_scores is [0, 0, 1, -1, 1, -1, 1, -1, 1, -1, 1, -1, 1, -1, 1, -1, 1, -1, 1, -1, 1, -1, -1, 1, 0, 0, 0, 0, 0, 0, 1, -1, 1, -1, 1, -1, 0, 0, 0, 0, 0, 0]
model_scores is [-3, -1, 5, -5, -1, -5, 5, -5, 5, -5, 5, -5, 5, -5, 1, -5, 3, -5, 5, -3, 3, -3, -3, 5, -1, -1, 1, -1, 1, -1, 3, -3, 5, -3, 1, -3, 3, -3, 1, -1, -1, 3]
89: 准确率为0.9642857142857143, kendall系数为0.8232587171777997, spearman系数为0.8979186128782015
human_scores is [1, -1, 1, -1, 1, -1, 1, -1, 1, -1, 1, -1, 0, 0, 0, 0, 0, 0, 1, -1, 1, -1, 0, 0, 0, 0, 1, -1, 1, -1, 0, 0, 1, -1, 1, -1, 1, -1, 1, -1, 0, 0]
model_scores is [5, -5, 5, -5, 5, -5, 5, -5, 5, -5, 5, -5, -2, -2, -1, 1, -3, -1, 3, -5, 1, -5, 0, 1, -4, 3, 1, -5, 1, -5, -3, -1, 3, -5, 5, -5, 5, -5, 3, -5, -3, -1]
90: 准确率为1.0, kendall系数为0.8830991114185895, spearman系数为0.9477287756511524
human_scores is [1, -1, 0, 0, 0, 0, 0, 0, 0, 0, 1, -1, -1, 1, -1, 1, -1, 1, -1, 1, 1, -1, 0, 0, 0, 0, 0, 0, 1, -1, 0, 0, 0, 0, 1, -1, 0, 0, 1, -1, 1, -1]
model_scores is [3, -3, 1, -5, 2, -3, 1, -5, 3, -5, 3, -3, -3, 1, -5, 3, -5, 3, 3, -3, 5, -1, -5, -1, -3, 3, 3, -5, 1, -5, -1, -5, 3, -5, 5, -5, 1, -5, 1, -5, -1, 1]
91: 准确率为0.8181818181818182, kendall系数为0.4137191157355484, spearman系数为0.49222719810544296
human_scores is [1, -1, 1, -1, 1, -1, 1, -1, 1, -1, 1, -1, 1, -1, 0, 0, 1, -1, 1, -1, 1, -1, -1, 1, 1, -1, 0, 0, 0, 0, 1, -1, 1, -1, 1, -1, -1, 1, -1, 1, 0, 0]
model_scores is [-1, -5, 1, -3, 1, -3, 3, -3, 5, -5, 3, -5, 1, -3, -5, -3, 5, -3, -3, -5, -1, -5, -3, -1, 1, 1, 3, -1, 1, -1, 3, -4, 5, -5, 1, -4, -3, 3, -1, 3, 1, 1]
92: 准确率为0.8529411764705882, kendall系数为0.6467234909580476, spearman系数为0.7526069815394028
human_scores is [0, 0, 0, 0, 0, 0, 0, 0, 1, -1, 1, -1, 0, 0, 0, 0, 0, 0, 1, -1, 1, -1, 0, 0, 0, 0, 1, -1, 1, -1, 0, 0, 1, -1, 1, -1, 1, -1, 1, -1, 0, 0]
model_scores is [1, -3, 0, -5, -2, 2, 2, -3, 5, -5, 3, -5, -1, -1, -5, 3, -5, 1, 1, -3, 5, -3, -5, 3, -5, 1, 3, -3, 1, -1, -1, -5, 3, -5, 3, -5, 5, -5, 5, -5, -3, 1]
93: 准确率为1.0, kendall系数为0.6403991418305693, spearman系数为0.7296230094628534
human_scores is [0, 0, 1, -1, 1, -1, 0, 0, 1, -1, 1, -1, 1, -1, 1, -1, 0, 0, 1, -1, 1, -1, 0, 0, -1, 1, 1, -1, 1, -1, -1, 1, 1, -1, 1, -1, 1, -1, 1, -1, 0, 0]
model_scores is [-2, -2, 2, -2, 2, -2, 2, -2, 2, -4, 2, -4, 5, -5, 5, -5, 1, -3, 5, -5, 5, -5, -1, -5, -1, -3, 3, -5, 3, -1, -1, -1, 3, -3, 3, -1, 0, -3, 1, -2, -3, 5]
94: 准确率为0.921875, kendall系数为0.6005165942324876, spearman系数为0.7230902172951256
human_scores is [1, -1, 1, -1, 1, -1, 1, -1, 1, -1, 1, -1, -1, 1, 0, 0, 0, 0, 1, -1, 1, -1, 1, -1, 1, -1, 1, -1, 1, -1, 0, 0, 1, -1, 1, -1, 1, -1, 1, -1, 0, 0]
model_scores is [3, -5, 3, -5, 5, -5, 1, -2, 5, -4, 5, -5, -3, 3, 3, -1, -5, 5, 2, 0, 3, -1, 3, -3, -3, -1, 5, -4, 5, -3, -5, 5, 4, -2, 5, -1, 4, -4, 5, -5, 3, 1]
95: 准确率为0.9558823529411765, kendall系数为0.6136403442214358, spearman系数为0.7458007639553889
human_scores is [-1, 1, -1, 1, -1, 1, -1, 1, 1, -1, 0, 0, 1, -1, 1, -1, 1, -1, 1, -1, 1, -1, 0, 0, 0, 0, 1, -1, 1, -1, 0, 0, 1, -1, 1, -1, 1, -1, 1, -1, -1, 1]
model_scores is [2, -2, 0, -2, -1, 2, 3, -4, 3, -5, 5, -5, -3, 4, -5, 2, 1, 2, 3, -5, 1, -2, 0, 2, 4, -1, 1, -5, 3, -3, 4, -1, 4, -5, 5, -5, -1, -1, 5, -3, -1, 1]
96: 准确率为0.6617647058823529, kendall系数为0.2272522283720269, spearman系数为0.28011561457461454
human_scores is [-1, 1, 1, -1, 1, -1, 1, -1, 1, -1, 1, -1, 1, -1, 1, -1, 1, -1, 1, -1, 1, -1, 0, 0, 0, 0, 0, 0, 1, -1, 0, 0, 0, 0, 1, -1, 0, 0, 1, -1, 1, -1]
model_scores is [1, -1, 3, -3, -3, 1, 1, -3, 1, -3, 3, -3, 1, 1, -5, 3, -3, -3, -3, -1, 3, -3, -3, 3, -1, 1, 1, 1, 1, -1, 1, 1, 1, -1, 3, -5, 1, -3, 3, -3, -1, -3]
97: 准确率为0.6666666666666666, kendall系数为0.3037101219815314, spearman系数为0.3369034535410316
human_scores is [1, -1, 1, -1, 1, -1, 1, -1, 1, -1, 1, -1, 1, -1, 1, -1, 0, 0, 1, -1, 1, -1, 0, 0, -1, 1, 1, -1, 0, 0, -1, 1, 1, -1, 0, 0, 1, -1, 1, -1, -1, 1]
model_scores is [1, -4, 2, -3, 2, -5, 2, -5, 2, -4, 2, -4, -1, -3, -1, -1, 0, -3, 1, -3, 0, -3, -5, 2, -3, -1, -1, -1, 0, -1, 2, -3, 0, -5, 2, -5, -1, -3, 2, -3, 1, -3]
98: 准确率为0.7058823529411765, kendall系数为0.4516010906092184, spearman系数为0.5528176107882439
human_scores is [0, 0, 1, -1, 1, -1, 1, -1, 1, -1, 1, -1, 1, -1, 1, -1, 1, -1, 1, -1, 1, -1, 0, 0, 0, 0, 1, -1, 1, -1, 0, 0, 1, -1, 1, -1, 1, -1, 1, -1, 0, 0]
model_scores is [-2, -3, 2, -5, -5, -1, 1, -3, 3, -5, 3, -5, 1, -5, -1, 1, -1, -3, 3, -3, 5, -5, -5, 3, -5, -1, 3, -1, 1, -3, 3, -3, 3, -5, 3, -5, 3, -5, 3, -5, -3, 1]
99: 准确率为0.875, kendall系数为0.6071519110025161, spearman系数为0.7021166730833787
平均准确率为0.8064830539472567, 平均kendall系数为0.5107066063878697, 平均spearman系数为0.5961105185810628
