human_scores is [0, 0, 1, -1, 0, 0, 0, 0, 1, -1, 1, -1, 1, -1, 0, 0, 0, 0, 1, -1, 1, -1, -1, 1, -1, 1, 1, -1, 1, -1, 0, 0, 1, -1, 1, -1, 1, -1, 1, -1, 0, 0]
model_scores is [3, -7, 5, -7, -3, -5, 3, -7, 1, -7, 1, -7, 1, -5, -3, 1, -3, -3, 1, -5, -1, -7, -5, 3, -5, 1, -1, -3, -1, -3, -1, -5, 5, -7, 3, -7, 3, -7, 3, -7, 0, -1]
0: 准确率为0.8928571428571429, kendall系数为0.6965208574365059, spearman系数为0.8009574928152869
human_scores is [1, -1, 1, -1, 0, 0, 1, -1, 1, -1, 0, 0, 0, 0, -1, 1, 1, -1, 1, -1, -1, 1, -1, 1, 1, -1, 1, -1, -1, 1, 1, -1, 1, -1, 0, 0, 0, 0, -1, 1, -1, 1]
model_scores is [-7, -5, -1, -7, -1, -7, 1, -7, 3, -5, -1, -7, 1, -7, -1, -5, -1, -7, 3, -7, 1, -7, -4, -3, -1, -7, 3, -5, -1, -3, 1, -7, 3, -6, -5, -4, -3, -3, -7, -3, -7, 1]
1: 准确率为0.6875, kendall系数为0.4441213504734491, spearman系数为0.51787790172689
human_scores is [-1, 1, 0, 0, -1, 1, 1, -1, 1, -1, 0, 0, 1, -1, 0, 0, 1, -1, 1, -1, 1, -1, -1, 1, 1, -1, 1, -1, 0, 0, 1, -1, 1, -1, 1, -1, 0, 0, -1, 1, -1, 1]
model_scores is [-7, -3, -5, -3, -5, -4, -1, -5, -1, -5, 0, -6, -4, -4, -3, -5, -1, -6, -1, -7, 0, -6, -6, -2, 0, -6, 3, -7, 0, -6, -2, -7, 0, -7, 0, -6, 0, -3, -4, -4, -4, -1]
2: 准确率为0.59375, kendall系数为0.625870392050903, spearman系数为0.7526940601473769
human_scores is [0, 0, -1, 1, 0, 0, -1, 1, 1, -1, 1, -1, -1, 1, 0, 0, -1, 1, 1, -1, 1, -1, 1, -1, 0, 0, 1, -1, 1, -1, -1, 1, 1, -1, 1, -1, 1, -1, 1, -1, 0, 0]
model_scores is [1, -5, 3, -7, 3, -6, 3, -5, 5, -7, 5, -7, -5, -4, 1, -7, -5, -3, 3, -7, 3, -7, -3, -5, -3, -5, 1, -5, -2, -5, -7, 1, 3, -5, 1, -5, 1, -7, 5, -5, -3, -3]
3: 准确率为0.75, kendall系数为0.4918074090422117, spearman系数为0.5719042200479459
human_scores is [1, -1, 1, -1, 1, -1, 1, -1, 1, -1, 1, -1, 0, 0, 0, 0, 1, -1, 0, 0, 1, -1, 0, 0, 1, -1, 0, 0, 1, -1, 1, -1, 0, 0, 1, -1, -1, 1, 0, 0, 1, -1]
model_scores is [3, -7, 3, -7, -1, -7, 5, -7, 3, -7, 1, -7, 3, -2, -3, -1, 4, -7, 3, -5, 0, -5, -7, -1, 3, -3, 1, -5, 1, -5, 4, -7, 3, -7, 1, -7, -2, 1, -5, -1, -1, -1]
4: 准确率为0.9107142857142857, kendall系数为0.6684281975770089, spearman系数为0.7774816831164234
human_scores is [1, -1, 1, -1, 1, -1, 1, -1, 1, -1, 1, -1, 0, 0, 0, 0, 1, -1, 1, -1, 1, -1, 0, 0, 1, -1, 1, -1, 1, -1, 1, -1, 1, -1, 1, -1, 0, 0, 0, 0, 0, 0]
model_scores is [1, -5, 1, -7, 1, -7, 1, -7, 1, -7, 1, -5, 1, -7, -1, -3, 5, -7, 3, -3, -1, -3, -3, 1, -3, -5, -1, -5, -3, -3, -1, -7, 0, -3, 1, -3, 1, -3, -3, -3, -7, -1]
5: 准确率为0.8166666666666667, kendall系数为0.6550912705651291, spearman系数为0.7566283189542131
human_scores is [0, 0, -1, 1, -1, 1, 1, -1, 1, -1, 1, -1, -1, 1, -1, 1, 1, -1, 1, -1, 1, -1, 0, 0, 1, -1, 1, -1, 1, -1, 1, -1, 1, -1, 1, -1, 0, 0, 0, 0, 0, 0]
model_scores is [-3, 3, -7, 3, -7, 1, -7, 1, -1, -5, 1, -5, -3, -3, -3, -3, -5, -3, 3, -5, 1, -7, 1, -3, -5, 1, 3, -7, 3, -7, -7, -1, 3, -7, 3, -7, 3, -7, 5, -7, 1, -3]
6: 准确率为0.71875, kendall系数为0.363866768295262, spearman系数为0.43701857262878324
human_scores is [1, -1, 1, -1, 1, -1, 1, -1, 1, -1, 1, -1, 1, -1, 0, 0, 0, 0, 1, -1, 0, 0, -1, 1, -1, 1, 0, 0, -1, 1, 0, 0, 1, -1, 0, 0, 1, -1, 0, 0, -1, 1]
model_scores is [3, -7, 3, -7, 2, -6, 1, -5, 1, -7, 1, -7, -3, -3, -7, 3, -7, 3, -1, -3, -3, -1, -5, 1, -7, 3, 3, -3, -3, -3, -5, 1, 1, -7, -1, -5, 3, -7, 1, -5, -3, -3]
7: 准确率为0.8571428571428571, kendall系数为0.5753804570019107, spearman系数为0.6865717829082303
human_scores is [0, 0, 0, 0, 0, 0, 1, -1, 1, -1, 1, -1, 0, 0, 0, 0, 1, -1, 1, -1, 1, -1, 0, 0, 1, -1, 1, -1, 1, -1, 1, -1, 1, -1, 1, -1, 1, -1, 1, -1, 0, 0]
model_scores is [2, -6, 0, -7, 0, -5, 2, -7, 0, -7, 0, -7, 0, -6, -4, -2, 1, -6, 3, -7, -1, -7, -6, -3, -2, -4, 0, -7, -4, -5, 1, -1, 1, -7, -3, -5, 1, -3, -7, 1, -7, -1]
8: 准确率为0.7321428571428571, kendall系数为0.48120392176853555, spearman系数为0.5711324261254179
human_scores is [0, 0, 1, -1, 0, 0, 1, -1, 1, -1, 1, -1, 1, -1, 0, 0, 1, -1, 1, -1, 1, -1, -1, 1, 1, -1, 1, -1, 1, -1, 1, -1, 1, -1, 1, -1, 0, 0, 0, 0, 0, 0]
model_scores is [-7, 3, -5, -1, -7, 1, -1, -5, 1, -5, -1, -1, -1, -7, -1, -5, 3, -7, 1, -7, 3, -7, -7, -1, -1, -7, 1, -5, 1, -3, 3, -7, 1, -7, 1, -5, 1, -3, -1, -1, -1, -3]
9: 准确率为0.8, kendall系数为0.6164380757979698, spearman系数为0.714754702388547
human_scores is [1, -1, 1, -1, 1, -1, 1, -1, 1, -1, 1, -1, 1, -1, 0, 0, 1, -1, 1, -1, 1, -1, -1, 1, 1, -1, 0, 0, 1, -1, 1, -1, 1, -1, 1, -1, -1, 1, 0, 0, 1, -1]
model_scores is [-7, -2, 1, -6, -3, -5, -1, -6, -1, -6, 3, -6, 0, -7, 1, -7, 1, -3, 0, -7, 0, -7, -5, 1, -5, -1, -3, -1, -1, -3, -3, -5, -1, -5, 3, -7, -1, -3, -1, -5, 3, -5]
10: 准确率为0.7083333333333334, kendall系数为0.5231132472600821, spearman系数为0.6223910910877558
human_scores is [1, -1, 1, -1, 1, -1, 1, -1, 1, -1, 1, -1, -1, 1, -1, 1, -1, 1, 0, 0, -1, 1, 0, 0, -1, 1, 1, -1, 0, 0, -1, 1, 1, -1, 0, 0, 1, -1, 1, -1, -1, 1]
model_scores is [-4, -4, 4, -6, 3, -7, 1, -6, 5, -7, 3, -7, -2, -7, -1, -5, 3, -6, 3, -5, 1, -5, -1, 1, -3, -3, 0, -7, 1, -5, -1, -1, 3, -7, -1, -5, 3, -5, -1, -5, -3, -1]
11: 准确率为0.6617647058823529, kendall系数为0.3470748871182315, spearman系数为0.4127313594989695
human_scores is [-1, 1, -1, 1, 0, 0, 0, 0, 1, -1, 0, 0, -1, 1, 1, -1, 1, -1, 1, -1, 1, -1, 1, -1, 1, -1, 1, -1, 1, -1, 0, 0, 1, -1, 0, 0, 1, -1, 0, 0, -1, 1]
model_scores is [-5, -4, -3, -7, -1, -7, -3, -5, -1, -7, 0, -7, -1, -5, -1, -7, -3, -3, 1, -7, 3, -7, 1, -3, -3, 1, -1, -5, -3, -3, -5, -1, 1, -3, -3, -3, 1, -5, -1, -5, -7, -1]
12: 准确率为0.6333333333333333, kendall系数为0.3715991092969212, spearman系数为0.4347474675034779
human_scores is [1, -1, 1, -1, 1, -1, 1, -1, 1, -1, 1, -1, -1, 1, 0, 0, 1, -1, 0, 0, 1, -1, 1, -1, 1, -1, 1, -1, 1, -1, 1, -1, 0, 0, 1, -1, -1, 1, 0, 0, 1, -1]
model_scores is [1, -6, 1, -6, 0, -6, 1, -6, 1, -6, 0, -6, -3, -3, -5, -3, 1, -5, 1, -3, 1, -3, -7, -1, -1, -3, 1, -3, -1, -3, -3, -7, -1, -4, -3, -5, 1, -2, -1, -3, -3, -2]
13: 准确率为0.7058823529411765, kendall系数为0.4866461240570443, spearman系数为0.557574669476346
human_scores is [0, 0, 0, 0, -1, 1, -1, 1, 0, 0, 1, -1, 0, 0, -1, 1, -1, 1, 0, 0, 1, -1, -1, 1, -1, 1, 0, 0, 1, -1, 0, 0, 1, -1, 1, -1, 1, -1, 1, -1, 1, -1]
model_scores is [1, -1, 0, -5, -7, 3, -7, -1, 1, -1, -1, -5, -5, -4, -7, 1, -5, 3, -3, -1, 1, -3, -5, -1, -5, 1, -3, 1, 1, -5, -3, -1, -1, -5, 1, -5, 1, -3, 1, -5, 1, -3]
14: 准确率为0.8571428571428571, kendall系数为0.7300008600956518, spearman系数为0.8218698026279754
human_scores is [1, -1, 1, -1, 0, 0, 1, -1, 1, -1, 1, -1, -1, 1, -1, 1, 0, 0, 1, -1, 1, -1, -1, 1, 1, -1, 1, -1, 1, -1, 1, -1, 1, -1, 1, -1, 1, -1, 1, -1, 0, 0]
model_scores is [0, -7, 3, -7, 2, -6, 3, -7, 1, -7, 2, -7, -1, -1, -6, 2, -1, -5, 3, -5, -1, -7, -7, 2, -3, -3, 1, -5, 1, -3, 2, -6, 1, -7, 2, -7, -1, -3, 1, -3, -3, -1]
15: 准确率为0.875, kendall系数为0.7160172367418485, spearman系数为0.8297922114605534
human_scores is [-1, 1, 0, 0, 1, -1, 1, -1, 0, 0, 1, -1, 1, -1, 1, -1, 1, -1, 1, -1, 1, -1, 1, -1, 1, -1, 0, 0, 1, -1, 1, -1, -1, 1, 1, -1, -1, 1, 0, 0, 1, -1]
model_scores is [1, -7, 3, -7, 1, -5, -1, -7, -1, -7, -1, -7, -5, 1, -3, 1, 1, -5, -7, -1, 1, -5, -1, -3, 1, -7, -5, -3, 3, -7, 3, -5, -3, 1, 3, -5, -7, 2, -1, -3, 3, -7]
16: 准确率为0.7058823529411765, kendall系数为0.40572930478688063, spearman系数为0.47679342082800674
human_scores is [0, 0, 0, 0, -1, 1, 1, -1, -1, 1, -1, 1, 0, 0, -1, 1, 1, -1, -1, 1, -1, 1, -1, 1, 1, -1, -1, 1, -1, 1, 1, -1, 1, -1, 1, -1, -1, 1, -1, 1, 0, 0]
model_scores is [-7, -1, 1, -5, -7, 1, -7, -1, -5, -3, -1, -5, 3, -5, -3, -3, -3, -1, 1, -7, 1, -5, -7, 3, -7, 1, -5, -1, -5, 1, -3, -5, 3, -5, 1, -5, -1, -7, 1, -5, -3, -5]
17: 准确率为0.5294117647058824, kendall系数为0.007905763326152698, spearman系数为0.00891541040784601
human_scores is [0, 0, -1, 1, -1, 1, -1, 1, 0, 0, 1, -1, -1, 1, -1, 1, -1, 1, 0, 0, 1, -1, 1, -1, 1, -1, 1, -1, 1, -1, 1, -1, 1, -1, 1, -1, 1, -1, 1, -1, 1, -1]
model_scores is [-3, 0, -2, -5, -7, 2, -7, 5, -1, -5, 1, -3, -2, -5, -7, 1, -7, 3, -2, -5, -1, -4, -7, -2, -7, 1, -4, -4, -5, 1, -4, 1, 3, -7, 3, -7, 3, -7, 3, -7, -7, 3]
18: 准确率为0.6388888888888888, kendall系数为0.2627631515264042, spearman系数为0.308454538524024
human_scores is [-1, 1, 1, -1, 1, -1, 1, -1, 1, -1, 1, -1, 1, -1, 1, -1, 1, -1, 1, -1, 1, -1, 0, 0, 0, 0, 0, 0, 0, 0, 0, 0, 0, 0, 0, 0, 0, 0, 0, 0, 0, 0]
model_scores is [3, -7, 3, -7, 1, -7, 1, -7, 1, -7, 1, -6, 1, -3, -1, -1, -7, 1, -1, -1, 1, -1, -3, 3, -7, 1, -3, -1, -3, -3, -3, -1, -1, -5, -1, -5, 2, -7, 1, -7, -3, -3]
19: 准确率为0.7272727272727273, kendall系数为0.2594387727167506, spearman系数为0.2999894248408756
human_scores is [-1, 1, -1, 1, -1, 1, 0, 0, -1, 1, 0, 0, 1, -1, 1, -1, 1, -1, 1, -1, 1, -1, 0, 0, 1, -1, 0, 0, 1, -1, 1, -1, 0, 0, 1, -1, -1, 1, 0, 0, 1, -1]
model_scores is [-7, 3, -5, -3, -7, -3, -3, -5, 2, -7, 3, -7, 3, -7, 4, -6, 5, -7, 3, -6, 3, -7, -7, -3, -3, -3, 1, -7, 2, -5, -1, -7, 1, -7, 1, -7, 1, -7, -1, -5, -3, -5]
20: 准确率为0.7, kendall系数为0.4336989989099941, spearman系数为0.5154954815578624
human_scores is [1, -1, 1, -1, 1, -1, 1, -1, 1, -1, 1, -1, 1, -1, 1, -1, 0, 0, 1, -1, 1, -1, 0, 0, -1, 1, 1, -1, 1, -1, -1, 1, 1, -1, 1, -1, 1, -1, 1, -1, 0, 0]
model_scores is [0, -5, 0, -7, 2, -6, 0, -6, 0, -7, 3, -7, 3, -6, 0, -6, -2, -4, -2, -7, -1, -7, -3, -1, -5, -1, -3, -5, -3, -3, -1, -3, 1, -5, -3, -5, -5, -5, -1, -7, -5, 1]
21: 准确率为0.6805555555555556, kendall系数为0.6635748719477312, spearman系数为0.7767269555477873
human_scores is [1, -1, 1, -1, 1, -1, 1, -1, 1, -1, 1, -1, 1, -1, 1, -1, 1, -1, 1, -1, 1, -1, 0, 0, 1, -1, 1, -1, 1, -1, 1, -1, 1, -1, 1, -1, 0, 0, 0, 0, 0, 0]
model_scores is [-1, -7, 3, -7, 2, -7, 4, -7, 3, -7, 3, -7, 1, -7, -3, -7, 3, -7, 1, -7, -1, -7, -7, -1, 3, -5, -1, -7, -3, -5, 1, -7, 1, -7, 1, -5, -5, -3, -5, -5, -1, -3]
22: 准确率为0.8529411764705882, kendall系数为0.8173105969743231, spearman系数为0.9011851896168316
human_scores is [-1, 1, 0, 0, -1, 1, -1, 1, 0, 0, 0, 0, 1, -1, 0, 0, 0, 0, 1, -1, 1, -1, -1, 1, -1, 1, 0, 0, 0, 0, 0, 0, 1, -1, 1, -1, 1, -1, 1, -1, 0, 0]
model_scores is [-7, 1, -4, 1, -7, 5, -1, 1, -1, -3, -3, 3, -1, -5, 1, -3, -1, -5, 1, -7, -1, -3, -3, -1, -3, -3, 3, -3, -1, -4, -1, -7, 3, -5, -1, -5, 3, -5, -3, -3, -3, 3]
23: 准确率为0.75, kendall系数为0.5217187789518895, spearman系数为0.6171291206018649
human_scores is [0, 0, -1, 1, 0, 0, 1, -1, -1, 1, 1, -1, -1, 1, 0, 0, 1, -1, -1, 1, 1, -1, 1, -1, 1, -1, 1, -1, 1, -1, 1, -1, -1, 1, 1, -1, -1, 1, 0, 0, 1, -1]
model_scores is [-5, -3, -5, -7, -6, 3, 3, -7, -2, -3, 1, -7, -3, -5, -7, 3, 1, -5, -5, -5, -1, -7, -7, -1, -1, -7, -5, -3, -5, -5, 3, -7, 2, -5, 5, -7, -7, 1, -7, 3, -3, -7]
24: 准确率为0.6470588235294118, kendall系数为0.3075426538266691, spearman系数为0.3733170474147406
human_scores is [1, -1, 1, -1, 1, -1, 0, 0, 1, -1, 1, -1, 1, -1, 1, -1, -1, 1, 1, -1, 1, -1, 0, 0, -1, 1, 0, 0, 1, -1, -1, 1, 0, 0, 1, -1, 1, -1, 1, -1, 1, -1]
model_scores is [-5, 1, 1, -7, -7, -6, 1, -7, 1, -7, -3, -5, 1, -5, 1, -3, 3, -5, 3, -5, 3, -7, -7, 3, -5, -1, -7, 1, -5, 1, 1, -6, -3, -5, -1, -7, 0, -5, -1, -6, -3, -3]
25: 准确率为0.5735294117647058, kendall系数为0.22985717539887898, spearman系数为0.2858610385224238
human_scores is [-1, 1, 0, 0, -1, 1, -1, 1, -1, 1, -1, 1, 1, -1, 0, 0, -1, 1, 0, 0, 0, 0, -1, 1, -1, 1, -1, 1, -1, 1, -1, 1, 0, 0, 0, 0, 1, -1, 1, -1, 0, 0]
model_scores is [-7, 3, 1, -5, -5, 0, -5, -3, -3, -1, -3, -1, 3, -7, 1, -7, 3, -7, 3, -7, -1, -7, -5, -1, -3, -1, -1, -1, -3, 1, -1, -5, -1, -5, -3, -3, -3, -1, -5, -1, -7, -1]
26: 准确率为0.5892857142857143, kendall系数为0.17569511117228484, spearman系数为0.21855384745382336
human_scores is [1, -1, 1, -1, 1, -1, 1, -1, 1, -1, 1, -1, 1, -1, -1, 1, 1, -1, 0, 0, 1, -1, -1, 1, 0, 0, -1, 1, 0, 0, 1, -1, 1, -1, 1, -1, -1, 1, 0, 0, 1, -1]
model_scores is [2, -6, 2, -7, 1, -7, 2, -7, 2, -7, 4, -7, 3, -5, -7, 1, 3, -5, 3, -7, 3, -7, -7, 3, -1, -1, 1, -5, 3, -5, 3, -7, 3, -7, 5, -7, 3, -7, 1, -7, 1, -1]
27: 准确率为0.8823529411764706, kendall系数为0.5866744513326072, spearman系数为0.6776416008816615
human_scores is [-1, 1, 0, 0, 1, -1, 1, -1, 1, -1, 1, -1, 1, -1, 1, -1, 1, -1, 1, -1, 1, -1, 1, -1, 1, -1, 1, -1, 1, -1, 0, 0, 1, -1, 1, -1, 1, -1, 1, -1, 0, 0]
model_scores is [-3, -5, 2, -7, 2, -7, 4, -7, 1, -7, 3, -7, 2, -5, 2, -5, 5, -7, 1, -7, 3, -7, -3, 3, 5, -7, 1, -6, 3, -5, 5, -4, 1, -6, 3, -7, 1, -5, -1, -3, -3, 1]
28: 准确率为0.8888888888888888, kendall系数为0.6130115034522622, spearman系数为0.7314027253396579
human_scores is [-1, 1, 1, -1, -1, 1, 1, -1, 1, -1, 1, -1, 1, -1, 0, 0, 1, -1, 1, -1, 1, -1, -1, 1, 1, -1, 1, -1, 1, -1, 1, -1, 1, -1, 1, -1, 0, 0, 0, 0, 0, 0]
model_scores is [-7, -2, 3, -6, -4, 0, -2, -6, -1, -7, -2, -6, 3, -7, -1, -3, 2, -7, 3, -6, 3, -7, -6, 3, -1, -3, -1, -7, -3, -1, 1, -6, 3, -7, -1, -7, -1, -5, -3, -3, -7, 1]
29: 准确率为0.75, kendall系数为0.7029500380403015, spearman系数为0.8112958373602781
human_scores is [1, -1, 1, -1, 0, 0, -1, 1, 1, -1, 1, -1, 1, -1, -1, 1, -1, 1, 0, 0, 1, -1, -1, 1, -1, 1, -1, 1, 0, 0, -1, 1, 1, -1, 1, -1, 1, -1, 1, -1, 1, -1]
model_scores is [-3, -3, -1, -5, -3, -5, -1, -3, 1, -6, 3, -7, -5, -3, -5, -3, -1, -3, 1, -5, 3, -7, -7, -1, -5, -5, 3, -6, 3, -7, 1, -7, -1, -6, 3, -7, 1, -6, 3, -5, 1, -7]
30: 准确率为0.6388888888888888, kendall系数为0.35198204219063695, spearman系数为0.4196013292096194
human_scores is [-1, 1, 0, 0, 1, -1, 1, -1, 1, -1, 1, -1, 1, -1, 1, -1, 1, -1, 1, -1, 1, -1, 1, -1, 1, -1, 1, -1, 1, -1, 0, 0, 1, -1, 0, 0, 1, -1, 0, 0, -1, 1]
model_scores is [-4, -5, -4, -2, 1, -3, 0, -6, 1, -7, 1, -7, -3, 0, -3, -7, -5, -3, 1, -5, 3, -7, -1, -7, 1, -3, 3, -7, 3, -7, -5, -1, 1, -3, 3, -7, 1, -5, 3, -7, 1, -3]
31: 准确率为0.7647058823529411, kendall系数为0.47849948016126403, spearman系数为0.5857930890610249
human_scores is [1, -1, -1, 1, 1, -1, -1, 1, 0, 0, 1, -1, -1, 1, -1, 1, -1, 1, -1, 1, 0, 0, 1, -1, 0, 0, 1, -1, 1, -1, -1, 1, -1, 1, 1, -1, 1, -1, 1, -1, 1, -1]
model_scores is [0, -4, 0, -4, 2, -4, 1, -6, 2, -7, 2, -6, 0, -4, -7, 2, -2, -7, 0, -6, -1, -6, -5, 0, -4, -3, -4, -2, -3, 0, 0, -7, 0, -6, 0, -5, -2, -6, -3, -6, -4, -2]
32: 准确率为0.4861111111111111, kendall系数为0.09515697481754415, spearman系数为0.11154279053993732
human_scores is [0, 0, 1, -1, 1, -1, 1, -1, 1, -1, 1, -1, 1, -1, 1, -1, 1, -1, 1, -1, 1, -1, -1, 1, 0, 0, 0, 0, 0, 0, 1, -1, 1, -1, 1, -1, 0, 0, 0, 0, 0, 0]
model_scores is [-3, -3, 3, -6, 1, -5, 1, -6, 1, -6, 3, -6, 3, -6, 1, -7, 5, -7, 1, -6, 1, -7, -7, 1, -3, -3, -5, -3, -1, -3, -1, -7, -3, -7, -1, -3, -5, -3, -3, -3, -3, -3]
33: 准确率为0.8928571428571429, kendall系数为0.8512069706010981, spearman系数为0.9211062722010624
human_scores is [-1, 1, 1, -1, 0, 0, 1, -1, 1, -1, 1, -1, 1, -1, 1, -1, 1, -1, 1, -1, 1, -1, -1, 1, 0, 0, -1, 1, 0, 0, 1, -1, 1, -1, 1, -1, -1, 1, 0, 0, 1, -1]
model_scores is [0, -4, 1, -6, -5, -2, 1, -5, 1, -6, 1, -6, 2, -4, -2, 1, 1, -5, 2, -6, 2, -6, -4, 2, -3, -5, -1, -3, 2, -3, 1, -4, 5, -6, 5, -4, -3, -1, 1, -3, 1, -2]
34: 准确率为0.8382352941176471, kendall系数为0.5922499064526502, spearman系数为0.7008588919867557
human_scores is [1, -1, 1, -1, 1, -1, 1, -1, 1, -1, 1, -1, 0, 0, -1, 1, 0, 0, -1, 1, 0, 0, -1, 1, 0, 0, -1, 1, 0, 0, 1, -1, 0, 0, 1, -1, -1, 1, 0, 0, 1, -1]
model_scores is [3, -3, 1, -7, -3, 1, 3, -7, 3, -1, 3, -5, -1, -1, -5, 2, 3, -5, -1, 0, 3, -3, -5, 3, -1, -7, -1, 1, 3, -1, 1, -5, 0, -5, 3, -5, -5, -1, 3, -3, 3, -5]
35: 准确率为0.875, kendall系数为0.5601755019789533, spearman系数为0.6653932115607
human_scores is [1, -1, 1, -1, 1, -1, 1, -1, 1, -1, 1, -1, 0, 0, 1, -1, 1, -1, 1, -1, 1, -1, 1, -1, 1, -1, 1, -1, 1, -1, 0, 0, 0, 0, 0, 0, 0, 0, 0, 0, 0, 0]
model_scores is [-5, -5, 3, -7, -3, -7, -1, -5, 1, -7, -1, -7, 1, -7, -1, -7, -1, -5, 1, -7, -3, -7, -5, -4, -5, -1, 1, -5, -7, 1, -7, -1, -3, -3, -5, -1, 1, -7, -5, -3, -5, 3]
36: 准确率为0.6071428571428571, kendall系数为0.38274886533556374, spearman系数为0.45431650132827817
human_scores is [1, -1, 0, 0, 1, -1, 1, -1, 1, -1, 1, -1, -1, 1, 0, 0, 1, -1, 1, -1, 1, -1, 1, -1, 1, -1, 1, -1, 1, -1, 1, -1, 1, -1, 1, -1, 1, -1, 1, -1, 0, 0]
model_scores is [5, -7, 1, -7, 1, -7, 3, -7, 3, -7, 3, -7, -5, 1, -7, 3, 1, -5, 1, -1, -1, -3, -5, -1, 1, -7, -1, -5, -1, -7, 1, -7, 1, -7, 1, -7, -3, -1, -5, 1, -1, -1]
37: 准确率为0.8055555555555556, kendall系数为0.5672527447140344, spearman系数为0.6690121514497699
human_scores is [1, -1, 1, -1, 1, -1, 1, -1, 1, -1, 1, -1, 0, 0, 0, 0, 1, -1, 1, -1, 1, -1, 0, 0, 1, -1, 1, -1, 1, -1, 1, -1, 1, -1, 1, -1, 0, 0, 0, 0, 0, 0]
model_scores is [4, -4, 1, -3, -1, -3, 0, -6, 3, -7, -2, -7, -4, -2, -4, -2, -2, -2, 3, -7, -5, -1, -4, -5, 0, -7, 1, -7, -4, -3, 0, -7, 1, -7, -3, -5, 3, -3, -5, 1, -7, 5]
38: 准确率为0.75, kendall系数为0.5064751662392679, spearman系数为0.6202840929011498
human_scores is [1, -1, 1, -1, 1, -1, 1, -1, 1, -1, 1, -1, 0, 0, 0, 0, 1, -1, 1, -1, 1, -1, 0, 0, 1, -1, 1, -1, 1, -1, 1, -1, 1, -1, 1, -1, 0, 0, 0, 0, 0, 0]
model_scores is [5, -7, 3, -7, 3, -7, 2, -6, 5, -7, 5, -7, -3, -7, -3, 1, -5, -1, 3, -7, -1, -7, -7, -1, -7, 1, -3, -7, -1, -5, -5, 1, 1, -7, -1, -7, 3, -7, 1, -7, -3, -3]
39: 准确率为0.7, kendall系数为0.49668151079249107, spearman系数为0.583558811905076
human_scores is [-1, 1, 0, 0, 0, 0, 0, 0, 1, -1, 1, -1, 1, -1, 1, -1, 1, -1, 1, -1, 1, -1, 0, 0, 0, 0, 1, -1, 1, -1, 0, 0, 1, -1, 1, -1, 1, -1, 1, -1, 0, 0]
model_scores is [-7, 3, -7, 1, -7, 3, -7, 3, -1, -7, -3, -3, -3, -7, -3, -5, -3, -7, 1, -7, 1, -7, -5, 1, -7, -3, 3, -7, 3, -7, -5, -1, 3, -7, 3, -7, 1, -7, 1, -7, -5, 1]
40: 准确率为0.8214285714285714, kendall系数为0.6482466940635427, spearman系数为0.7488156261501838
human_scores is [1, -1, 1, -1, 1, -1, 1, -1, 1, -1, 1, -1, 1, -1, 1, -1, 1, -1, 1, -1, 1, -1, 0, 0, 1, -1, 1, -1, 1, -1, 1, -1, 1, -1, 1, -1, 0, 0, 0, 0, 0, 0]
model_scores is [3, -7, 3, -7, 3, -7, 5, -7, 3, -7, 3, -7, 1, -5, -3, -5, -1, -7, -1, -7, -5, -1, -5, -1, -1, -3, 3, -3, -5, 1, -3, -7, 1, -7, -5, -3, 1, -3, -5, -1, -5, 1]
41: 准确率为0.7352941176470589, kendall系数为0.5769900262994055, spearman系数为0.6629092546859555
human_scores is [1, -1, 0, 0, -1, 1, 1, -1, 1, -1, 1, -1, -1, 1, -1, 1, 0, 0, 1, -1, 1, -1, -1, 1, 1, -1, 1, -1, 1, -1, 1, -1, 1, -1, 1, -1, 1, -1, 1, -1, 0, 0]
model_scores is [-3, -5, -5, -3, -5, 1, -3, -4, -5, -5, -3, -7, -4, -3, -5, 3, -6, -3, -1, -5, -4, -7, -7, 1, -1, -1, 1, -5, 1, -5, 3, -7, 0, -7, 1, -7, -1, -3, 0, -5, 0, 2]
42: 准确率为0.7222222222222222, kendall系数为0.6068577547157431, spearman系数为0.7247965128622518
human_scores is [1, -1, 1, -1, 0, 0, 1, -1, 1, -1, 1, -1, -1, 1, -1, 1, 1, -1, 1, -1, 1, -1, -1, 1, 1, -1, 1, -1, 1, -1, 1, -1, 1, -1, 1, -1, 1, -1, 0, 0, -1, 1]
model_scores is [1, -7, 3, -7, 1, -7, 1, -7, 3, -6, 1, -7, -1, -7, -7, -3, -2, -7, -5, -6, -3, -5, -5, -1, -6, -5, -5, -5, -7, 1, -3, -7, -1, -7, -7, -5, 1, -7, -3, -1, -5, 1]
43: 准确率为0.6578947368421053, kendall系数为0.4201644225924092, spearman系数为0.4897218317656328
human_scores is [0, 0, -1, 1, 0, 0, 1, -1, 1, -1, 1, -1, -1, 1, 0, 0, 1, -1, 1, -1, 1, -1, 1, -1, 1, -1, 1, -1, 1, -1, 1, -1, 1, -1, 1, -1, 0, 0, 0, 0, 0, 0]
model_scores is [-3, -5, -3, -6, 3, -5, 1, -5, 3, -7, 3, -7, -3, -4, 0, -3, 1, -3, 1, -7, 1, -5, 1, -5, 1, -5, 3, -7, 1, -7, -3, -3, -1, -1, -1, -3, 3, -5, 1, -5, -3, -1]
44: 准确率为0.8333333333333334, kendall系数为0.5248120025416306, spearman系数为0.624532928310632
human_scores is [1, -1, 1, -1, 1, -1, 1, -1, 1, -1, 1, -1, -1, 1, 1, -1, 1, -1, 1, -1, 1, -1, 1, -1, 1, -1, 1, -1, 1, -1, 0, 0, 1, -1, 1, -1, 1, -1, 1, -1, 0, 0]
model_scores is [-4, -2, -4, -2, 0, -4, 0, -6, 2, -6, 2, -6, -3, -3, 5, -7, 5, -7, 3, -7, 3, -7, 3, -6, 2, -6, 3, -6, 3, -7, 1, -5, 3, -7, -1, -3, -1, -4, -3, -3, -4, 1]
45: 准确率为0.8157894736842105, kendall系数为0.6527190761263839, spearman系数为0.7668336462782946
human_scores is [-1, 1, 0, 0, 1, -1, 0, 0, -1, 1, 0, 0, 1, -1, 1, -1, 1, -1, 0, 0, 1, -1, 1, -1, 0, 0, -1, 1, 0, 0, -1, 1, -1, 1, -1, 1, -1, 1, 0, 0, 1, -1]
model_scores is [-1, -3, -3, -3, 0, -3, 1, -3, 3, -7, 3, -5, -5, -5, 0, -4, -3, 0, 1, -7, 3, -7, 0, -3, -1, -3, -1, -7, 3, -7, -3, -4, 0, -7, 1, -7, 1, -7, 1, -5, -5, -5]
46: 准确率为0.44642857142857145, kendall系数为0.1939957103885374, spearman系数为0.23862866009786962
human_scores is [1, -1, 1, -1, 1, -1, 1, -1, 1, -1, 1, -1, 0, 0, 0, 0, 1, -1, 0, 0, 1, -1, 0, 0, 1, -1, 0, 0, 1, -1, 1, -1, 0, 0, 1, -1, -1, 1, 0, 0, 1, -1]
model_scores is [-1, -7, 1, -7, 0, -4, 0, -7, 0, -7, 0, -7, -1, -7, -5, 4, -1, -7, 3, -6, 1, -7, -7, 3, 1, -3, 2, -3, 3, -5, 4, -7, 4, -7, 4, -7, 2, -7, 4, -7, -2, 0]
47: 准确率为0.7321428571428571, kendall系数为0.41290682369816195, spearman系数为0.5147653220201718
human_scores is [0, 0, 1, -1, 0, 0, 1, -1, 1, -1, 1, -1, 1, -1, 0, 0, 1, -1, 1, -1, 1, -1, -1, 1, 1, -1, 1, -1, 1, -1, 1, -1, 1, -1, 1, -1, 1, -1, 1, -1, 0, 0]
model_scores is [1, -3, 1, -6, 1, -3, 3, -7, -1, -5, 1, -7, -1, -7, -3, -3, -1, -7, 1, -5, -1, -7, -7, -1, -3, -3, -1, -5, -1, -7, 1, -5, 1, -7, 1, -7, -3, -3, -3, -3, -3, -7]
48: 准确率为0.7058823529411765, kendall系数为0.7070924984372555, spearman系数为0.8091558173122266
human_scores is [1, -1, 1, -1, 0, 0, 1, -1, 1, -1, 1, -1, -1, 1, -1, 1, -1, 1, 1, -1, 1, -1, -1, 1, 0, 0, 1, -1, 1, -1, 1, -1, 1, -1, 1, -1, 1, -1, 1, -1, 0, 0]
model_scores is [3, -7, -1, -3, -5, 3, -1, -3, 1, -7, -1, -5, -5, 0, -7, 2, -5, -4, -3, -1, -5, -3, -6, 3, -3, -3, -1, -7, -1, -7, 1, -6, 3, -5, 0, -4, -3, -7, -3, -3, -7, -1]
49: 准确率为0.6944444444444444, kendall系数为0.5751966340222113, spearman系数为0.6889617732802447
human_scores is [1, -1, 1, -1, 0, 0, 1, -1, 1, -1, 1, -1, 1, -1, -1, 1, 1, -1, 1, -1, 1, -1, -1, 1, 0, 0, 1, -1, 0, 0, 1, -1, 1, -1, 1, -1, 1, -1, 0, 0, -1, 1]
model_scores is [0, -7, 0, -6, 0, -7, 0, -7, 1, -7, 0, -7, -3, 1, -7, 1, -3, -1, 5, -7, 1, -3, -6, 1, -1, -3, 5, -7, 3, -7, -1, -6, 5, -7, 1, -5, 3, -7, 1, -5, -7, 3]
50: 准确率为0.8235294117647058, kendall系数为0.6295566883910307, spearman系数为0.7431903366740654
human_scores is [1, -1, 1, -1, 1, -1, 1, -1, 1, -1, 1, -1, -1, 1, 0, 0, 0, 0, 0, 0, 0, 0, 1, -1, 1, -1, 1, -1, 1, -1, 0, 0, 0, 0, 0, 0, 0, 0, 0, 0, 0, 0]
model_scores is [1, -7, 3, -5, 1, -7, 1, -7, 3, -7, 3, -7, -1, -5, -7, -7, -7, 1, 3, -5, -1, -7, -5, -3, -7, 1, -3, -3, -3, -5, -7, -1, -1, -3, 1, -5, 1, -7, 3, -7, -1, -5]
51: 准确率为0.7272727272727273, kendall系数为0.30875811465583386, spearman系数为0.3663064728070341
human_scores is [-1, 1, 0, 0, 1, -1, 0, 0, 1, -1, 1, -1, 1, -1, 1, -1, 1, -1, 1, -1, 1, -1, 1, -1, 0, 0, 1, -1, 1, -1, -1, 1, 1, -1, 1, -1, 1, -1, 1, -1, 0, 0]
model_scores is [-3, -5, 5, -7, -1, -7, 1, -7, 5, -7, 3, -7, 5, -7, 5, -7, 3, -7, 5, -7, 3, -7, -5, 3, -5, -3, 1, -2, -1, -5, -1, -3, 5, -7, 1, -5, 2, -3, 1, -3, -3, 0]
52: 准确率为0.8235294117647058, kendall系数为0.5500052271653534, spearman系数为0.6551639536722745
human_scores is [1, -1, 1, -1, -1, 1, 1, -1, 1, -1, 1, -1, 0, 0, -1, 1, 1, -1, 1, -1, 0, 0, -1, 1, 1, -1, 1, -1, 0, 0, 1, -1, 1, -1, 1, -1, 0, 0, -1, 1, -1, 1]
model_scores is [-3, -1, -3, -5, -5, 1, 1, -5, 3, -5, 1, -5, -1, -5, -5, -1, 3, -5, 3, -5, 3, -5, -5, 1, 3, -5, 3, -7, 1, -5, 3, -7, 3, -7, 1, -5, 1, -3, -3, 3, -3, 1]
53: 准确率为0.9117647058823529, kendall系数为0.7055999547059331, spearman系数为0.8076755333730501
human_scores is [1, -1, 1, -1, 0, 0, 1, -1, 1, -1, 1, -1, 1, -1, -1, 1, 1, -1, 1, -1, 1, -1, -1, 1, 1, -1, 1, -1, 1, -1, 1, -1, 1, -1, 1, -1, -1, 1, 0, 0, 1, -1]
model_scores is [-1, -7, 1, -7, -3, -6, 1, -6, 3, -7, 0, -6, -3, -5, -1, -3, 1, -6, -1, -7, -3, -6, -6, -3, 1, -6, -1, -7, -1, -6, 1, -6, 1, -6, 1, -6, -1, -5, -1, -4, -5, -3]
54: 准确率为0.7236842105263158, kendall系数为0.6705013032253685, spearman系数为0.7670552171989363
human_scores is [0, 0, 1, -1, 1, -1, 1, -1, 1, -1, 1, -1, 1, -1, 1, -1, 1, -1, 1, -1, 1, -1, 0, 0, 0, 0, 1, -1, 1, -1, 0, 0, 1, -1, 1, -1, 1, -1, 1, -1, 0, 0]
model_scores is [-7, 3, -3, -5, -5, 1, -1, -3, 1, -7, 1, -7, 3, -7, -3, -5, 3, -7, 3, -7, 1, -7, -5, 1, -5, -1, -1, -3, 1, -3, -1, -5, 1, -5, 1, -5, 1, -5, -1, -5, -5, -1]
55: 准确率为0.78125, kendall系数为0.5768998762288129, spearman系数为0.6766339806505758
human_scores is [0, 0, 0, 0, 0, 0, 1, -1, 1, -1, 1, -1, 0, 0, 0, 0, 1, -1, 1, -1, 1, -1, 0, 0, 1, -1, 1, -1, 1, -1, 1, -1, 1, -1, 1, -1, 0, 0, 0, 0, 0, 0]
model_scores is [-2, -2, -4, -4, -6, 0, -4, -6, -3, -6, 3, -7, -1, -5, -7, -1, -1, -5, -1, -5, 1, -7, -7, 0, 1, -7, -1, -7, 3, -7, 0, -5, 0, -6, -1, -6, 1, -3, 3, -5, 1, -3]
56: 准确率为0.7083333333333334, kendall系数为0.6015742556589849, spearman系数为0.7167864497853058
human_scores is [1, -1, 0, 0, 0, 0, 1, -1, 1, -1, 1, -1, -1, 1, -1, 1, 0, 0, 1, -1, 1, -1, 0, 0, 1, -1, 1, -1, 1, -1, 1, -1, 1, -1, 1, -1, 1, -1, 1, -1, 0, 0]
model_scores is [3, -7, 1, -7, -3, -1, 3, -5, 3, -7, 3, -6, -7, 1, -7, 3, -7, 3, -3, -1, -7, -3, -7, 3, -7, 1, 3, -7, -1, -3, 3, -5, 3, -7, 3, -7, 3, -7, 3, -5, -7, 1]
57: 准确率为0.84375, kendall系数为0.5312351508756569, spearman系数为0.6167797244997829
human_scores is [0, 0, 1, -1, 1, -1, 1, -1, 1, -1, 1, -1, 1, -1, 1, -1, 1, -1, 1, -1, 1, -1, 0, 0, -1, 1, 1, -1, 1, -1, -1, 1, 1, -1, 1, -1, 1, -1, 1, -1, 0, 0]
model_scores is [1, -7, 1, -7, 1, -5, 3, -7, 3, -7, 1, -7, -3, -5, -5, -3, -5, -5, 3, -5, -5, -5, -7, -3, -5, 1, -1, -5, -5, -1, -1, 1, 3, -7, -3, -7, 1, -7, 1, -7, -5, 3]
58: 准确率为0.8055555555555556, kendall系数为0.5437136856290832, spearman系数为0.6462872538450503
human_scores is [1, -1, 1, -1, 1, -1, -1, 1, 1, -1, 1, -1, 0, 0, 0, 0, -1, 1, 1, -1, 1, -1, 0, 0, -1, 1, 1, -1, 1, -1, -1, 1, 1, -1, 1, -1, 1, -1, 1, -1, 0, 0]
model_scores is [-6, 5, -3, -5, 3, -5, 0, -6, 1, -5, -1, -7, 3, -7, 3, -7, 5, -6, 5, -7, 5, -7, -1, -3, 1, -2, -3, -5, 1, -5, -2, -1, -1, -1, -1, 1, 1, -5, 1, -5, 0, -3]
59: 准确率为0.5735294117647058, kendall系数为0.19954699828583464, spearman系数为0.24188679927768902
human_scores is [-1, 1, 1, -1, -1, 1, 1, -1, 1, -1, 1, -1, 1, -1, 0, 0, 1, -1, 1, -1, 1, -1, -1, 1, -1, 1, -1, 1, -1, 1, 1, -1, 1, -1, 1, -1, 0, 0, 0, 0, 0, 0]
model_scores is [-3, -5, 1, -7, -5, -1, 3, -7, 3, -5, 1, -5, -1, -7, -7, -1, 1, -5, -1, -7, -1, -7, -7, 1, -1, -1, 1, -1, -3, -1, 1, -7, 1, -7, 1, -7, 1, -1, -3, 1, -3, -1]
60: 准确率为0.7352941176470589, kendall系数为0.6323756916581721, spearman系数为0.7212761924105741
human_scores is [1, -1, 0, 0, 0, 0, 1, -1, 1, -1, 1, -1, -1, 1, -1, 1, -1, 1, 0, 0, 0, 0, 0, 0, 1, -1, 1, -1, 1, -1, 1, -1, 1, -1, 1, -1, 1, -1, 1, -1, 0, 0]
model_scores is [-5, 1, -7, 1, -5, 1, -7, 3, 1, -7, -3, -7, -5, -3, -7, -1, -7, 3, 3, -7, -1, -7, -5, -5, -7, -3, 3, -7, -1, -7, -5, -5, 3, -7, 1, -7, 3, -7, 1, -7, -5, -1]
61: 准确率为0.6666666666666666, kendall系数为0.4237061190470074, spearman系数为0.4875807724015178
human_scores is [0, 0, -1, 1, -1, 1, 0, 0, 1, -1, 1, -1, -1, 1, -1, 1, 0, 0, 1, -1, 1, -1, 0, 0, 1, -1, 1, -1, 1, -1, 1, -1, 1, -1, 1, -1, 1, -1, 1, -1, 0, 0]
model_scores is [-1, -4, -6, 4, -6, 0, -5, 0, 1, -7, -3, -4, -6, 5, -7, 2, -7, 5, 1, -5, -7, -3, 3, -6, -2, -2, 4, -6, 2, -6, -6, 3, 1, -7, -2, -6, 5, -7, 1, -5, -5, 1]
62: 准确率为0.796875, kendall系数为0.47141384436419326, spearman系数为0.5697574507788521
human_scores is [0, 0, 1, -1, 1, -1, 1, -1, 1, -1, 1, -1, 1, -1, 1, -1, 1, -1, 1, -1, 1, -1, 1, -1, 1, -1, 1, -1, 1, -1, 1, -1, 1, -1, 1, -1, 1, -1, 1, -1, 0, 0]
model_scores is [2, -7, 3, -5, 2, -7, 3, -5, 2, -7, 2, -7, -1, -5, -1, -3, -3, -3, 1, -7, -3, 1, -3, -3, 1, -1, 1, -3, -1, -1, 1, -5, -1, -5, -3, -3, -3, -1, -3, -3, -7, -1]
63: 准确率为0.7105263157894737, kendall系数为0.4673230195461177, spearman系数为0.5660774912138284
human_scores is [1, -1, 1, -1, 1, -1, 1, -1, 1, -1, 1, -1, 1, -1, 1, -1, 1, -1, 1, -1, 1, -1, 0, 0, 0, 0, 1, -1, 1, -1, 0, 0, 1, -1, 1, -1, 1, -1, 1, -1, 0, 0]
model_scores is [1, -7, 1, -7, 1, -7, 1, -5, 1, -7, 1, -7, 1, -3, -3, -3, -1, -3, 1, -7, -1, -3, -3, -1, -3, -3, -1, -1, -3, -3, -1, -3, 1, -5, -3, -3, 1, -3, -3, -3, -3, -1]
64: 准确率为0.7941176470588235, kendall系数为0.6859781757549387, spearman系数为0.7517060023769137
human_scores is [1, -1, 1, -1, 1, -1, 1, -1, 1, -1, 1, -1, 1, -1, 0, 0, 1, -1, 1, -1, 1, -1, -1, 1, 1, -1, 1, -1, 1, -1, 1, -1, 1, -1, 1, -1, 0, 0, 0, 0, 0, 0]
model_scores is [-7, -1, 3, -7, -3, -3, 1, -5, -1, -5, 0, -7, -2, -6, -2, -7, 2, -6, 0, -7, 2, -6, -5, -3, -5, -5, -1, -5, 1, -1, 1, -6, -3, -3, 1, -3, -5, -3, -4, -2, -1, -5]
65: 准确率为0.7352941176470589, kendall系数为0.5217063955016792, spearman系数为0.6142707732381949
human_scores is [0, 0, 0, 0, 0, 0, 0, 0, 1, -1, 1, -1, 0, 0, 0, 0, 0, 0, 1, -1, 1, -1, 0, 0, 0, 0, 1, -1, 1, -1, 0, 0, 1, -1, 1, -1, 1, -1, 1, -1, 1, -1]
model_scores is [1, -5, 1, -3, -5, -1, 3, -3, -1, -7, -1, -7, -3, 1, -7, 1, -5, 1, 1, -5, -5, -5, -5, -1, 3, -3, -1, -5, -3, -5, 3, -5, 1, -7, 1, -7, 1, -7, -1, -3, -5, -1]
66: 准确率为0.6818181818181818, kendall系数为0.4118153832696508, spearman系数为0.4967346526752114
human_scores is [0, 0, 1, -1, 0, 0, 1, -1, 1, -1, 1, -1, 1, -1, 0, 0, 1, -1, 1, -1, 1, -1, -1, 1, 0, 0, 1, -1, 1, -1, 1, -1, 1, -1, 1, -1, 1, -1, 1, -1, 0, 0]
model_scores is [-1, -4, -1, -7, -5, -4, -1, -3, 1, -3, -1, -5, -1, -3, -4, 0, -1, -5, 1, -7, 1, -7, -6, -1, -1, -1, -1, -5, -1, -5, 1, -5, 1, -4, -1, -6, -1, -7, 1, -7, -1, 1]
67: 准确率为0.6875, kendall系数为0.7110571291368637, spearman系数为0.8207036138391908
human_scores is [0, 0, 1, -1, 1, -1, 1, -1, 1, -1, 1, -1, 1, -1, 1, -1, 1, -1, 1, -1, 1, -1, 1, -1, 0, 0, 1, -1, 1, -1, -1, 1, 0, 0, 1, -1, 1, -1, 1, -1, 1, -1]
model_scores is [-1, -6, -3, -5, 3, -7, 1, -6, 1, -6, -1, -6, -1, -5, -4, -7, -3, -7, 1, -6, -3, -6, 1, -5, -1, -7, -3, -7, -4, -6, 1, -4, -1, -4, -5, -6, -5, -5, -4, -3, -3, -3]
68: 准确率为0.6111111111111112, kendall系数为0.5051934401370748, spearman系数为0.6163966950968901
human_scores is [1, -1, 1, -1, 0, 0, 1, -1, 1, -1, 1, -1, 0, 0, -1, 1, 0, 0, 1, -1, 1, -1, -1, 1, 0, 0, 1, -1, 1, -1, 1, -1, 1, -1, 1, -1, 1, -1, 1, -1, 0, 0]
model_scores is [-1, -7, 3, -7, -7, 1, 1, -5, 3, -7, 3, -7, 3, -5, -7, 3, 1, -5, 3, -7, 3, -5, -7, 1, -3, -5, 3, -5, 3, -3, 1, -7, 3, -7, 3, -7, 1, -7, 3, -7, 1, 1]
69: 准确率为0.96875, kendall系数为0.7950353240070653, spearman系数为0.8726990500307876
human_scores is [0, 0, 1, -1, 0, 0, 1, -1, 1, -1, 1, -1, 1, -1, 0, 0, 1, -1, 1, -1, 1, -1, -1, 1, 1, -1, 1, -1, 1, -1, 1, -1, 1, -1, 1, -1, 0, 0, 0, 0, 0, 0]
model_scores is [0, -6, 2, -6, 1, -7, 0, -5, 1, -7, 1, -5, 4, -6, 1, -7, 0, -6, 1, -6, 0, -7, -6, 1, -3, -5, -3, -7, -7, -7, 5, -7, 1, -5, -1, -7, 1, -7, -3, -1, -7, -1]
70: 准确率为0.8166666666666667, kendall系数为0.5453137284790597, spearman系数为0.6618622466490556
human_scores is [1, -1, 1, -1, 1, -1, 1, -1, 1, -1, 1, -1, 1, -1, 0, 0, 1, -1, 1, -1, 1, -1, -1, 1, 0, 0, 1, -1, 1, -1, 1, -1, 1, -1, 1, -1, 1, -1, 1, -1, 0, 0]
model_scores is [-5, 1, -3, -1, -5, 3, -5, -1, 1, -3, 1, -3, 3, -5, -2, 1, 1, -5, 3, -7, 3, -7, -7, 3, -5, 3, -1, -5, -1, -3, 5, -7, 5, -7, 3, -7, 3, -7, 3, -7, -5, 1]
71: 准确率为0.7777777777777778, kendall系数为0.5248462515292355, spearman系数为0.6089951774759425
human_scores is [0, 0, 1, -1, 0, 0, 1, -1, 1, -1, 1, -1, 1, -1, 0, 0, 1, -1, 1, -1, 1, -1, -1, 1, 0, 0, 0, 0, 0, 0, 1, -1, 1, -1, 1, -1, 0, 0, 0, 0, 0, 0]
model_scores is [-4, 0, -4, -1, -4, -1, -4, -4, 2, -6, 2, -7, -1, -6, -3, -3, -3, -6, 1, -6, 1, -7, -7, 1, -5, -3, 3, -7, 3, -7, 1, -5, 3, -7, 3, -7, 2, -7, 1, -7, -5, -1]
72: 准确率为0.8333333333333334, kendall系数为0.5268422192785397, spearman系数为0.6381521602410504
human_scores is [1, -1, 1, -1, 1, -1, 1, -1, 1, -1, 1, -1, 0, 0, 0, 0, 0, 0, 1, -1, 1, -1, 0, 0, 0, 0, 1, -1, 1, -1, 0, 0, 1, -1, 1, -1, 1, -1, 1, -1, 0, 0]
model_scores is [-1, -7, 0, -6, 0, -4, 0, -6, 2, -6, 0, -6, -5, -1, -7, 3, -3, -1, 1, -5, 1, -5, -1, -3, 1, -7, 0, -6, 3, -7, 1, -7, 3, -6, 3, -7, -1, -6, 1, -7, -1, -5]
73: 准确率为0.8392857142857143, kendall系数为0.6549720046293956, spearman系数为0.7727896911196045
human_scores is [-1, 1, -1, 1, -1, 1, 1, -1, 1, -1, 1, -1, 0, 0, 0, 0, 1, -1, 1, -1, 1, -1, 0, 0, 1, -1, 1, -1, 1, -1, 1, -1, 1, -1, 1, -1, 0, 0, 0, 0, 0, 0]
model_scores is [-6, 1, -4, -6, -5, 1, 0, -7, 0, -7, 0, -7, -2, -7, -7, -1, 2, -7, 0, -6, 0, -7, -5, 1, -1, -7, 1, -5, -5, -3, 2, -7, 3, -7, 3, -7, -5, -1, -7, -2, -7, 1]
74: 准确率为0.8166666666666667, kendall系数为0.622984757655674, spearman系数为0.73355574919711
human_scores is [-1, 1, -1, 1, -1, 1, 1, -1, 0, 0, 1, -1, 1, -1, 1, -1, 1, -1, 1, -1, 1, -1, 0, 0, 1, -1, 1, -1, 1, -1, 1, -1, 1, -1, 1, -1, -1, 1, 0, 0, 1, -1]
model_scores is [0, -6, 0, -6, 2, -6, 2, -7, -1, -7, 1, -7, 0, -6, -4, -4, 0, -7, -1, -7, 1, -7, -5, -5, -1, -7, -1, -7, 1, -7, 3, -7, 3, -7, 3, -7, 1, -5, 1, -5, -5, -1]
75: 准确率为0.6388888888888888, kendall系数为0.4405653653621273, spearman系数为0.5181433094380355
human_scores is [0, 0, 1, -1, 0, 0, 1, -1, 1, -1, 1, -1, 1, -1, 0, 0, 1, -1, 1, -1, 1, -1, -1, 1, 0, 0, 0, 0, 1, -1, 1, -1, 1, -1, 1, -1, 0, 0, 1, -1, 1, -1]
model_scores is [-1, -5, 3, -5, 1, -5, 3, -5, 3, -6, 3, -6, -7, -1, -3, 1, -1, -7, -2, -3, -1, -5, -1, -5, 1, -1, -1, -3, -1, -7, -1, -5, 0, -6, -1, -5, 1, -3, 1, -3, -3, -3]
76: 准确率为0.6833333333333333, kendall系数为0.4847233142036086, spearman系数为0.5669111808182228
human_scores is [0, 0, 1, -1, -1, 1, 1, -1, 1, -1, 1, -1, 1, -1, -1, 1, 1, -1, 1, -1, 1, -1, -1, 1, 0, 0, 1, -1, 1, -1, 1, -1, 1, -1, 1, -1, 1, -1, 1, -1, 0, 0]
model_scores is [-1, -3, -1, -7, -5, 1, -5, -1, 3, -7, 1, -7, -3, -5, -5, 1, -5, -1, 3, -7, 3, -7, -6, 1, -7, 1, 1, -5, 1, -5, 1, -3, 3, -5, 1, -7, 1, -7, 1, -7, -1, -1]
77: 准确率为0.8888888888888888, kendall系数为0.6841486858328634, spearman系数为0.7778106285292874
human_scores is [1, -1, 1, -1, 0, 0, 1, -1, 1, -1, 1, -1, 0, 0, -1, 1, 0, 0, -1, 1, 0, 0, -1, 1, 0, 0, -1, 1, 0, 0, 1, -1, 1, -1, 1, -1, -1, 1, 0, 0, 1, -1]
model_scores is [-1, -3, 1, -5, -3, -7, -1, -3, 1, -3, 1, -3, -5, 1, -7, 1, -1, 1, -1, -1, -1, -3, -5, 1, 1, -5, 1, -3, -1, -5, 1, -7, 2, -7, 1, -7, -3, -3, -1, -3, -1, -3]
78: 准确率为0.75, kendall系数为0.5177819758562547, spearman系数为0.6018292126567167
human_scores is [1, -1, 1, -1, 1, -1, 1, -1, 1, -1, 1, -1, 0, 0, 0, 0, 1, -1, 1, -1, 1, -1, 0, 0, 1, -1, 1, -1, 1, -1, 1, -1, 1, -1, 1, -1, 0, 0, 0, 0, 0, 0]
model_scores is [-2, -5, 1, -7, -4, -7, -2, -5, -1, -7, 1, -6, -1, -3, 1, 1, -7, 1, 1, -5, 3, -3, -3, 1, -7, 1, -3, -1, -1, -1, -7, 1, -1, -1, -1, -1, 3, -7, 3, -7, -1, -1]
79: 准确率为0.5333333333333333, kendall系数为0.09494016721643117, spearman系数为0.11598810905062021
human_scores is [0, 0, 0, 0, 0, 0, 1, -1, 1, -1, 1, -1, 0, 0, 0, 0, 1, -1, 1, -1, 1, -1, 0, 0, 1, -1, 1, -1, 1, -1, 1, -1, 1, -1, 1, -1, -1, 1, -1, 1, -1, 1]
model_scores is [-2, -3, 3, -5, 5, -5, 0, -4, -1, -7, 3, -5, 1, -5, 3, -5, -4, -6, -3, -4, -1, -6, -2, 1, -2, -2, -5, -1, -3, -1, -2, -3, -3, 3, -1, 1, -1, -1, 0, -2, -5, -3]
80: 准确率为0.4666666666666667, kendall系数为0.12029739822561052, spearman系数为0.1464680609542539
human_scores is [0, 0, 1, -1, 0, 0, 1, -1, 1, -1, 1, -1, 1, -1, 0, 0, 1, -1, 1, -1, 1, -1, -1, 1, -1, 1, 0, 0, 0, 0, 1, -1, 1, -1, 1, -1, 1, -1, 1, -1, 0, 0]
model_scores is [0, -7, 3, -6, 0, 0, 1, -6, 3, -6, 3, -6, -1, -3, -7, 3, -5, -5, 3, -3, -1, -3, -6, 1, -3, 3, -1, -3, -7, 3, 1, -7, 3, -6, 1, -6, -1, -5, -1, -3, -5, 3]
81: 准确率为0.8333333333333334, kendall系数为0.53761390237425, spearman系数为0.670809077437485
human_scores is [-1, 1, 1, -1, 1, -1, 1, -1, 1, -1, 1, -1, 1, -1, 1, -1, 1, -1, 1, -1, 1, -1, 0, 0, 0, 0, 1, -1, 1, -1, 0, 0, 1, -1, 1, -1, 1, -1, 1, -1, 0, 0]
model_scores is [0, -5, 3, -7, -1, -7, 3, -5, 1, -5, 1, -3, -3, -3, -5, 1, -5, 1, -5, -3, -5, -5, -7, 3, -5, -1, -5, -1, -5, -1, -3, -5, 3, -5, -1, -5, 1, -5, -1, -3, -5, -3]
82: 准确率为0.6029411764705882, kendall系数为0.17409258222847604, spearman系数为0.20887653206081686
human_scores is [0, 0, 1, -1, 1, -1, 1, -1, 1, -1, 1, -1, 1, -1, 1, -1, 1, -1, 1, -1, 1, -1, 0, 0, 1, -1, 1, -1, 1, -1, 1, -1, 1, -1, 1, -1, 0, 0, 0, 0, 0, 0]
model_scores is [1, -7, 1, -7, -1, -7, 1, -7, 1, -7, 1, -7, -2, -4, -7, -1, -4, -7, -2, -5, -2, -5, -7, -3, -3, -5, -1, -5, 0, -5, -1, -5, 1, -7, 1, -7, 1, -3, 1, -1, -1, -3]
83: 准确率为0.703125, kendall系数为0.550548450084469, spearman系数为0.6584345483528226
human_scores is [0, 0, -1, 1, 0, 0, 0, 0, 1, -1, 1, -1, -1, 1, 0, 0, 0, 0, 1, -1, 1, -1, 1, -1, 1, -1, 1, -1, 1, -1, 0, 0, 1, -1, 1, -1, 1, -1, 1, -1, 0, 0]
model_scores is [1, -3, 1, -7, 3, -7, 1, -5, 1, -7, 1, -7, -1, -5, 3, -7, -3, 1, 3, -5, 1, -3, 1, -5, -3, 3, 1, -5, -1, -3, -7, 3, -3, -3, -3, 1, 3, -7, 1, -3, -3, 1]
84: 准确率为0.6785714285714286, kendall系数为0.23175010675032856, spearman系数为0.2856657649895215
human_scores is [1, -1, 0, 0, 1, -1, 1, -1, 1, -1, 1, -1, -1, 1, 0, 0, 1, -1, 1, -1, 1, -1, 1, -1, 1, -1, 1, -1, 1, -1, 1, -1, 1, -1, 1, -1, 1, -1, 1, -1, 0, 0]
model_scores is [0, -7, 0, -7, -2, -6, 0, -6, 1, -6, 0, -6, -3, -3, -6, 2, 3, -7, 3, -3, 0, -5, -5, 1, 1, -7, 1, -7, -1, -7, 2, -7, 2, -7, 2, -7, -5, 1, -5, -1, 0, -7]
85: 准确率为0.7222222222222222, kendall系数为0.5059875159509722, spearman系数为0.6166773915841292
human_scores is [-1, 1, 0, 0, 0, 0, 1, -1, 1, -1, 1, -1, 1, -1, 1, -1, 1, -1, 1, -1, 1, -1, 0, 0, 1, -1, 1, -1, 1, -1, 1, -1, 1, -1, 1, -1, 0, 0, 0, 0, 0, 0]
model_scores is [-2, 0, -1, -7, 2, -1, 3, -4, 2, -4, 1, -5, -1, -6, 2, -4, 2, -6, 1, -5, -1, -5, -7, -1, -5, -1, -5, -1, -1, -3, 0, -3, -2, -3, 3, -7, -3, -3, -1, -5, 1, -5]
86: 准确率为0.7666666666666667, kendall系数为0.4707935214508461, spearman系数为0.5734556568547774
human_scores is [1, -1, 1, -1, 1, -1, 1, -1, 1, -1, 1, -1, 0, 0, 0, 0, 0, 0, 0, 0, 1, -1, 0, 0, 0, 0, 0, 0, 1, -1, 0, 0, 0, 0, 1, -1, 0, 0, 1, -1, 1, -1]
model_scores is [3, -5, 1, -5, -1, -3, -3, -3, 3, -6, 1, -5, -3, -7, -3, 1, -5, 1, -1, -6, 1, -3, -3, 1, -5, -1, -1, -3, 1, -5, -5, -3, 1, -6, 1, -5, 3, -6, 1, -5, -1, -3]
87: 准确率为0.8636363636363636, kendall系数为0.5127969331901782, spearman系数为0.6119395477038011
human_scores is [-1, 1, -1, 1, -1, 1, -1, 1, 1, -1, -1, 1, 0, 0, 0, 0, 0, 0, 1, -1, 0, 0, 0, 0, 0, 0, 1, -1, 0, 0, 0, 0, 1, -1, 0, 0, 1, -1, 0, 0, -1, 1]
model_scores is [-5, -5, -5, -1, -7, -1, -5, -1, -1, -5, -1, -5, -7, -1, -5, 3, -5, -3, 3, -4, -3, -7, -7, -2, -5, -7, -5, -6, -1, -7, -1, -7, 1, -7, 1, -7, -1, -7, -3, -7, -3, -5]
88: 准确率为0.5909090909090909, kendall系数为0.31280600999027985, spearman系数为0.37937309476660347
human_scores is [0, 0, 1, -1, 1, -1, 1, -1, 1, -1, 1, -1, 1, -1, 1, -1, 1, -1, 1, -1, 1, -1, -1, 1, 0, 0, 0, 0, 0, 0, 1, -1, 1, -1, 1, -1, 0, 0, 0, 0, 0, 0]
model_scores is [-5, -3, 3, -7, -3, -7, 3, -7, 3, -7, 3, -7, 3, -7, -1, -7, 1, -7, 3, -5, 1, -5, -5, 3, -3, -3, -1, -3, -1, -3, 1, -5, 3, -5, -1, -5, 1, -5, -1, -3, -3, 1]
89: 准确率为0.8928571428571429, kendall系数为0.8232587171777997, spearman系数为0.8979186128782015
human_scores is [1, -1, 1, -1, 1, -1, 1, -1, 1, -1, 1, -1, 0, 0, 0, 0, 0, 0, 1, -1, 1, -1, 0, 0, 0, 0, 1, -1, 1, -1, 0, 0, 1, -1, 1, -1, 1, -1, 1, -1, 0, 0]
model_scores is [5, -5, 5, -5, 4, -7, 3, -7, 4, -7, 5, -7, -2, -4, -1, 1, -5, -1, 1, -7, 1, -7, -2, 1, -6, 3, -1, -7, -1, -7, -5, -1, 1, -7, 3, -7, 3, -7, 3, -7, -5, -3]
90: 准确率为0.9285714285714286, kendall系数为0.8191804986340945, spearman系数为0.9038758287461728
human_scores is [1, -1, 0, 0, 0, 0, 0, 0, 0, 0, 1, -1, -1, 1, -1, 1, -1, 1, -1, 1, 1, -1, 0, 0, 0, 0, 0, 0, 1, -1, 0, 0, 0, 0, 1, -1, 0, 0, 1, -1, 1, -1]
model_scores is [1, -5, -1, -7, 0, -5, -1, -7, 3, -7, 1, -5, -5, -1, -7, 1, -7, 1, 1, -5, 3, -3, -7, -3, -5, 1, 1, -7, -1, -7, -3, -7, 3, -7, 3, -7, -1, -7, -1, -7, -3, -1]
91: 准确率为0.7272727272727273, kendall系数为0.3950112568751864, spearman系数为0.4772073845252517
human_scores is [1, -1, 1, -1, 1, -1, 1, -1, 1, -1, 1, -1, 1, -1, 0, 0, 1, -1, 1, -1, 1, -1, -1, 1, 1, -1, 0, 0, 0, 0, 1, -1, 1, -1, 1, -1, -1, 1, -1, 1, 0, 0]
model_scores is [-1, -7, 1, -5, -1, -5, 3, -5, 5, -7, 3, -7, -1, -5, -5, -3, 3, -5, -5, -7, -1, -5, -5, -1, -1, -1, 1, -3, -1, -3, 3, -6, 4, -7, 1, -6, -5, 1, -2, 2, 0, -1]
92: 准确率为0.7941176470588235, kendall系数为0.7118916310903433, spearman系数为0.8121794938163425
human_scores is [0, 0, 0, 0, 0, 0, 0, 0, 1, -1, 1, -1, 0, 0, 0, 0, 0, 0, 1, -1, 1, -1, 0, 0, 0, 0, 1, -1, 1, -1, 0, 0, 1, -1, 1, -1, 1, -1, 1, -1, 0, 0]
model_scores is [-1, -5, -2, -7, -4, 2, 0, -5, 3, -7, 1, -7, -3, -3, -7, 3, -7, 1, -1, -5, 3, -5, -7, 3, -7, 1, 1, -5, -1, -3, -1, -7, 1, -7, 3, -5, 3, -7, 3, -7, -5, -1]
93: 准确率为0.9, kendall系数为0.5754338420380775, spearman系数为0.6707051381682059
human_scores is [0, 0, 1, -1, 1, -1, 0, 0, 1, -1, 1, -1, 1, -1, 1, -1, 0, 0, 1, -1, 1, -1, 0, 0, -1, 1, 1, -1, 1, -1, -1, 1, 1, -1, 1, -1, 1, -1, 1, -1, 0, 0]
model_scores is [-4, -4, 0, -4, 0, -4, 0, -4, 0, -6, 0, -6, 3, -7, 3, -7, -1, -5, 3, -7, 5, -6, -3, -7, -3, -5, 1, -7, 1, -3, -3, -3, 1, -5, 1, -3, -2, -5, -1, -4, -5, 3]
94: 准确率为0.8125, kendall系数为0.5978331360829091, spearman系数为0.722437206826531
human_scores is [1, -1, 1, -1, 1, -1, 1, -1, 1, -1, 1, -1, -1, 1, 0, 0, 0, 0, 1, -1, 1, -1, 1, -1, 1, -1, 1, -1, 1, -1, 0, 0, 1, -1, 1, -1, 1, -1, 1, -1, 0, 0]
model_scores is [1, -7, 1, -7, 3, -7, -1, -2, 3, -6, 3, -7, -5, 1, 1, -3, -7, 3, 2, -2, 1, -3, 1, -5, -5, -3, 5, -6, 3, -5, -7, 3, 2, -4, 3, -3, 4, -6, 3, -7, 1, -1]
95: 准确率为0.9411764705882353, kendall系数为0.6226051075934695, spearman系数为0.7535050569043731
human_scores is [-1, 1, -1, 1, -1, 1, -1, 1, 1, -1, 0, 0, 1, -1, 1, -1, 1, -1, 1, -1, 1, -1, 0, 0, 0, 0, 1, -1, 1, -1, 0, 0, 1, -1, 1, -1, 1, -1, 1, -1, -1, 1]
model_scores is [0, -4, -2, -4, -3, 0, 1, -6, 1, -7, 3, -7, -5, 2, -7, 0, -1, 0, 1, -7, -1, -4, -2, 0, 2, -3, -1, -7, 1, -5, 2, -3, 2, -7, 3, -7, -3, -3, 3, -5, -3, -1]
96: 准确率为0.5882352941176471, kendall系数为0.2272522283720269, spearman系数为0.28011561457461454
human_scores is [-1, 1, 1, -1, 1, -1, 1, -1, 1, -1, 1, -1, 1, -1, 1, -1, 1, -1, 1, -1, 1, -1, 0, 0, 0, 0, 0, 0, 1, -1, 0, 0, 0, 0, 1, -1, 0, 0, 1, -1, 1, -1]
model_scores is [0, -2, 1, -5, -5, -1, -1, -5, -1, -5, 1, -5, -1, -1, -7, 1, -5, -5, -5, -3, 1, -5, -5, 1, -3, -1, -1, -1, -1, -3, -1, -1, -1, -3, 1, -7, -1, -5, 1, -5, -3, -5]
97: 准确率为0.6166666666666667, kendall系数为0.2884649885706565, spearman系数为0.324534233623115
human_scores is [1, -1, 1, -1, 1, -1, 1, -1, 1, -1, 1, -1, 1, -1, 1, -1, 0, 0, 1, -1, 1, -1, 0, 0, -1, 1, 1, -1, 0, 0, -1, 1, 1, -1, 0, 0, 1, -1, 1, -1, -1, 1]
model_scores is [-1, -6, 0, -5, 0, -7, 0, -7, 0, -6, 0, -6, -3, -5, -3, -3, -2, -5, -1, -5, -2, -5, -7, 0, -5, -3, -3, -3, -2, -3, 0, -5, -2, -7, 0, -7, -3, -5, 0, -5, -1, -5]
98: 准确率为0.5735294117647058, kendall系数为0.4516010906092184, spearman系数为0.5528176107882439
human_scores is [0, 0, 1, -1, 1, -1, 1, -1, 1, -1, 1, -1, 1, -1, 1, -1, 1, -1, 1, -1, 1, -1, 0, 0, 0, 0, 1, -1, 1, -1, 0, 0, 1, -1, 1, -1, 1, -1, 1, -1, 0, 0]
model_scores is [-4, -5, 0, -7, -7, -3, -1, -5, 1, -7, 1, -7, -1, -7, -3, -1, -3, -5, 1, -5, 3, -7, -7, 1, -7, -3, 1, -3, -1, -5, 1, -5, 1, -7, 1, -7, 1, -7, 1, -7, -5, -1]
99: 准确率为0.796875, kendall系数为0.6071519110025161, spearman系数为0.7021166730833787
平均准确率为0.7412860631692869, 平均kendall系数为0.5055894721869013, 平均spearman系数为0.5926959632597871
