human_scores is [0, 0, 1, -1, 0, 0, 0, 0, 1, -1, 1, -1, 1, -1, 0, 0, 0, 0, 1, -1, 1, -1, -1, 1, -1, 1, 1, -1, 1, -1, 0, 0, 1, -1, 1, -1, 1, -1, 1, -1, 0, 0]
model_scores is [3, -3, 3, -3, -1, -3, 3, -3, 3, -3, 3, -3, 1, -1, -1, 3, -1, 1, 3, -1, 1, -3, -1, 3, -1, 1, 1, -1, 3, -1, 1, -1, 3, -3, 3, -3, 3, -3, 3, -3, 1, 1]
0: 准确率为1.0, kendall系数为0.6993271939321595, spearman系数为0.7847776197170503
human_scores is [1, -1, 1, -1, 0, 0, 1, -1, 1, -1, 0, 0, 0, 0, -1, 1, 1, -1, 1, -1, -1, 1, -1, 1, 1, -1, 1, -1, -1, 1, 1, -1, 1, -1, 0, 0, 0, 0, -1, 1, -1, 1]
model_scores is [-3, -1, 1, -3, 1, -3, 3, -3, 3, -3, 1, -3, 3, -3, 3, -1, 1, -3, 3, -3, 3, -3, -1, -1, 1, -3, 3, -3, 1, -1, 3, -3, 3, -3, -1, -1, -1, -1, -3, -1, -3, 1]
1: 准确率为0.71875, kendall系数为0.44009819824688723, spearman系数为0.48991738910236304
human_scores is [-1, 1, 0, 0, -1, 1, 1, -1, 1, -1, 0, 0, 1, -1, 0, 0, 1, -1, 1, -1, 1, -1, -1, 1, 1, -1, 1, -1, 0, 0, 1, -1, 1, -1, 1, -1, 0, 0, -1, 1, -1, 1]
model_scores is [-3, -1, -1, -1, -1, -1, 1, -3, 3, -3, 3, -3, -1, -1, -1, -1, 3, -3, 3, -3, 3, -3, -3, 1, 3, -3, 3, -3, 3, -3, 1, -3, 3, -3, 3, -3, 1, -1, -1, -1, -1, 1]
2: 准确率为0.875, kendall系数为0.6933752452815364, spearman系数为0.774827230654926
human_scores is [0, 0, -1, 1, 0, 0, -1, 1, 1, -1, 1, -1, -1, 1, 0, 0, -1, 1, 1, -1, 1, -1, 1, -1, 0, 0, 1, -1, 1, -1, -1, 1, 1, -1, 1, -1, 1, -1, 1, -1, 0, 0]
model_scores is [3, -3, 1, -3, 3, -3, 3, -3, 3, -3, 3, -3, -3, -1, 3, -3, -3, 1, 3, -3, 3, -3, 1, -3, -1, -3, 3, -3, 1, -3, -3, 3, 3, -3, 3, -3, 3, -3, 3, -3, -1, -1]
3: 准确率为0.84375, kendall系数为0.5961684232899396, spearman系数为0.6551706104927592
human_scores is [1, -1, 1, -1, 1, -1, 1, -1, 1, -1, 1, -1, 0, 0, 0, 0, 1, -1, 0, 0, 1, -1, 0, 0, 1, -1, 0, 0, 1, -1, 1, -1, 0, 0, 1, -1, -1, 1, 0, 0, 1, -1]
model_scores is [3, -3, 3, -3, 3, -3, 3, -3, 3, -3, 3, -3, 3, -1, 1, -1, 3, -3, 3, -3, 3, -3, -3, 1, 3, -1, 3, -3, 3, -1, 3, -3, 3, -3, 3, -3, -1, 3, -3, 1, 1, -1]
4: 准确率为1.0, kendall系数为0.7194917206721343, spearman系数为0.7966777973688691
human_scores is [1, -1, 1, -1, 1, -1, 1, -1, 1, -1, 1, -1, 0, 0, 0, 0, 1, -1, 1, -1, 1, -1, 0, 0, 1, -1, 1, -1, 1, -1, 1, -1, 1, -1, 1, -1, 0, 0, 0, 0, 0, 0]
model_scores is [3, -3, 3, -3, 3, -3, 3, -3, 3, -3, 3, -3, 3, -3, 1, -1, 3, -3, 3, -1, 3, -1, -1, 3, -1, -3, 1, -3, 1, -1, 1, -3, 3, -1, 3, -1, 3, -1, 1, -1, -3, -1]
5: 准确率为0.9666666666666667, kendall系数为0.7245616839923442, spearman系数为0.8030613740073267
human_scores is [0, 0, -1, 1, -1, 1, 1, -1, 1, -1, 1, -1, -1, 1, -1, 1, 1, -1, 1, -1, 1, -1, 0, 0, 1, -1, 1, -1, 1, -1, 1, -1, 1, -1, 1, -1, 0, 0, 0, 0, 0, 0]
model_scores is [-1, 3, -3, 3, -3, 1, -3, 1, -1, -1, 3, -1, -1, -1, -1, -1, -3, -1, 3, -1, 1, -3, 3, -1, -1, 3, 3, -3, 3, -3, -3, 1, 3, -3, 3, -3, 1, -3, 3, -3, 3, -1]
6: 准确率为0.6875, kendall系数为0.3159810022133457, spearman系数为0.3631660056371152
human_scores is [1, -1, 1, -1, 1, -1, 1, -1, 1, -1, 1, -1, 1, -1, 0, 0, 0, 0, 1, -1, 0, 0, -1, 1, -1, 1, 0, 0, -1, 1, 0, 0, 1, -1, 0, 0, 1, -1, 0, 0, -1, 1]
model_scores is [3, -3, 3, -3, 3, -3, 3, -3, 3, -3, 1, -3, -1, 1, -3, 3, -3, 3, 1, -1, -1, 1, -3, 1, -3, 3, 3, -1, -1, -1, -1, 1, 3, -3, -1, -1, 3, -3, 1, -1, -3, -1]
7: 准确率为0.8571428571428571, kendall系数为0.6573277217142028, spearman系数为0.7333198722347375
human_scores is [0, 0, 0, 0, 0, 0, 1, -1, 1, -1, 1, -1, 0, 0, 0, 0, 1, -1, 1, -1, 1, -1, 0, 0, 1, -1, 1, -1, 1, -1, 1, -1, 1, -1, 1, -1, 1, -1, 1, -1, 0, 0]
model_scores is [3, -3, 3, -3, 3, -3, 3, -3, 3, -3, 3, -3, 3, -3, -1, -1, 3, -3, 3, -3, 1, -3, -3, -1, 1, -1, 3, -3, -1, -3, 1, -1, 1, -3, -1, -3, 1, -1, -3, 3, -3, 1]
8: 准确率为0.8571428571428571, kendall系数为0.4907878815049768, spearman系数为0.5685662713477702
human_scores is [0, 0, 1, -1, 0, 0, 1, -1, 1, -1, 1, -1, 1, -1, 0, 0, 1, -1, 1, -1, 1, -1, -1, 1, 1, -1, 1, -1, 1, -1, 1, -1, 1, -1, 1, -1, 0, 0, 0, 0, 0, 0]
model_scores is [-3, 1, -1, 1, -3, 1, 1, -1, 3, -3, 3, -1, -1, -3, -1, -1, 3, -3, 3, -3, 3, -3, -3, 1, 1, -3, 3, -3, 3, -1, 3, -3, 3, -3, 3, -3, 3, -1, 3, -1, 1, -1]
9: 准确率为0.9, kendall系数为0.7048891563041485, spearman系数为0.7799144134446744
human_scores is [1, -1, 1, -1, 1, -1, 1, -1, 1, -1, 1, -1, 1, -1, 0, 0, 1, -1, 1, -1, 1, -1, -1, 1, 1, -1, 0, 0, 1, -1, 1, -1, 1, -1, 1, -1, -1, 1, 0, 0, 1, -1]
model_scores is [-3, 1, 3, -3, 1, -3, 3, -3, 3, -3, 3, -3, 3, -3, 3, -3, 3, -3, 3, -3, 3, -3, -3, 3, -1, 1, -1, 1, -1, -1, 1, -3, 1, -3, 3, -3, 1, 1, 1, -1, 3, -1]
10: 准确率为0.8333333333333334, kendall系数为0.6639223641222202, spearman系数为0.7337375629525027
human_scores is [1, -1, 1, -1, 1, -1, 1, -1, 1, -1, 1, -1, -1, 1, -1, 1, -1, 1, 0, 0, -1, 1, 0, 0, -1, 1, 1, -1, 0, 0, -1, 1, 1, -1, 0, 0, 1, -1, 1, -1, -1, 1]
model_scores is [-1, -1, 3, -3, 3, -3, 3, -3, 3, -3, 3, -3, 1, -3, 1, -3, 3, -3, 3, -1, 1, -1, 1, -1, -1, -1, 1, -3, 1, -1, 1, 1, 1, -3, -1, -1, 3, -3, -1, -1, -3, 1]
11: 准确率为0.6470588235294118, kendall系数为0.3494640539376911, spearman系数为0.3886670702584256
human_scores is [-1, 1, -1, 1, 0, 0, 0, 0, 1, -1, 0, 0, -1, 1, 1, -1, 1, -1, 1, -1, 1, -1, 1, -1, 1, -1, 1, -1, 1, -1, 0, 0, 1, -1, 0, 0, 1, -1, 0, 0, -1, 1]
model_scores is [-3, -1, -3, -3, 3, -3, -1, -1, 3, -3, 3, -3, -1, -1, 3, -3, -1, 1, 3, -3, 3, -3, 3, -3, -1, 1, 3, -3, 1, -3, -3, 3, 3, -1, 1, -1, 3, -3, 3, -3, -3, 1]
12: 准确率为0.7666666666666667, kendall系数为0.527529465632837, spearman系数为0.6065507990507518
human_scores is [1, -1, 1, -1, 1, -1, 1, -1, 1, -1, 1, -1, -1, 1, 0, 0, 1, -1, 0, 0, 1, -1, 1, -1, 1, -1, 1, -1, 1, -1, 1, -1, 0, 0, 1, -1, -1, 1, 0, 0, 1, -1]
model_scores is [3, -3, 3, -3, 3, -3, 3, -3, 3, -3, 3, -3, -1, -1, -1, -1, 3, -1, 3, -1, 3, -1, -3, 1, -1, -1, 3, -1, 3, -1, -1, -3, 1, -3, -1, -3, 3, -1, 3, -1, -1, -1]
13: 准确率为0.7352941176470589, kendall系数为0.4977132196853564, spearman系数为0.5504969023277855
human_scores is [0, 0, 0, 0, -1, 1, -1, 1, 0, 0, 1, -1, 0, 0, -1, 1, -1, 1, 0, 0, 1, -1, -1, 1, -1, 1, 0, 0, 1, -1, 0, 0, 1, -1, 1, -1, 1, -1, 1, -1, 1, -1]
model_scores is [3, 1, 3, -3, -3, 1, -3, -1, 1, 1, 1, -3, -1, -1, -3, 1, -1, 1, -1, -1, 3, -1, -3, 3, -1, 3, -1, 3, 3, -3, 1, -1, -1, -3, 3, -3, 3, -1, 3, -3, 3, -1]
14: 准确率为0.9285714285714286, kendall系数为0.6848250170994649, spearman系数为0.7611097232493933
human_scores is [1, -1, 1, -1, 0, 0, 1, -1, 1, -1, 1, -1, -1, 1, -1, 1, 0, 0, 1, -1, 1, -1, -1, 1, 1, -1, 1, -1, 1, -1, 1, -1, 1, -1, 1, -1, 1, -1, 1, -1, 0, 0]
model_scores is [3, -3, 3, -3, 3, -3, 3, -3, 3, -3, 3, -3, 1, -1, -3, 3, 1, -1, 3, -1, 3, -3, -3, 3, -1, -1, 3, -1, 3, -1, 3, -3, 3, -3, 3, -3, 3, -1, 3, -1, -1, 1]
15: 准确率为0.9166666666666666, kendall系数为0.7816797402660282, spearman系数为0.8479218385818784
human_scores is [-1, 1, 0, 0, 1, -1, 1, -1, 0, 0, 1, -1, 1, -1, 1, -1, 1, -1, 1, -1, 1, -1, 1, -1, 1, -1, 0, 0, 1, -1, 1, -1, -1, 1, 1, -1, -1, 1, 0, 0, 1, -1]
model_scores is [3, -3, 3, -3, 3, -3, 3, -3, 3, -3, 3, -3, -3, 3, -1, 3, 3, -1, -3, 1, 3, -1, 1, -1, 3, -3, -1, -1, 3, -3, 3, -1, -1, 3, 3, -1, -3, 3, 1, -1, 3, -3]
16: 准确率为0.7647058823529411, kendall系数为0.39968129298906563, spearman系数为0.44374396816539524
human_scores is [0, 0, 0, 0, -1, 1, 1, -1, -1, 1, -1, 1, 0, 0, -1, 1, 1, -1, -1, 1, -1, 1, -1, 1, 1, -1, -1, 1, -1, 1, 1, -1, 1, -1, 1, -1, -1, 1, -1, 1, 0, 0]
model_scores is [-3, 1, 3, -1, -3, 3, -3, 1, -3, -1, 3, -3, 3, -1, -1, 1, -1, 1, 3, -3, 3, -3, -3, 3, -3, 3, -3, 1, -1, 3, 1, -3, 3, -1, 3, -3, 1, -3, 3, -3, 1, -3]
17: 准确率为0.5, kendall系数为0.02167868360111098, spearman系数为0.025036559896846586
human_scores is [0, 0, -1, 1, -1, 1, -1, 1, 0, 0, 1, -1, -1, 1, -1, 1, -1, 1, 0, 0, 1, -1, 1, -1, 1, -1, 1, -1, 1, -1, 1, -1, 1, -1, 1, -1, 1, -1, 1, -1, 1, -1]
model_scores is [-1, 1, 1, -3, -3, 3, -3, 3, -1, -3, 1, -1, 1, -3, -3, 1, -3, 3, -1, -3, -1, -1, -3, 1, -3, 1, -3, -1, -1, 3, -1, 3, 3, -3, 3, -3, 3, -3, 3, -3, -3, 3]
18: 准确率为0.5555555555555556, kendall系数为0.14640339311413061, spearman系数为0.16615055542229706
human_scores is [-1, 1, 1, -1, 1, -1, 1, -1, 1, -1, 1, -1, 1, -1, 1, -1, 1, -1, 1, -1, 1, -1, 0, 0, 0, 0, 0, 0, 0, 0, 0, 0, 0, 0, 0, 0, 0, 0, 0, 0, 0, 0]
model_scores is [3, -3, 3, -3, 3, -3, 3, -3, 3, -3, 3, -3, 1, -1, 1, 1, -3, 1, 1, -1, 3, -1, -1, 3, -3, 3, -1, -1, 1, -3, 1, 1, 1, -3, 3, -3, 3, -3, 3, -3, -1, -1]
19: 准确率为0.7727272727272727, kendall系数为0.33209171130553483, spearman系数为0.37978177101374927
human_scores is [-1, 1, -1, 1, -1, 1, 0, 0, -1, 1, 0, 0, 1, -1, 1, -1, 1, -1, 1, -1, 1, -1, 0, 0, 1, -1, 0, 0, 1, -1, 1, -1, 0, 0, 1, -1, -1, 1, 0, 0, 1, -1]
model_scores is [-3, 3, -1, -1, -3, -1, -1, -1, 3, -3, 3, -3, 3, -3, 3, -3, 3, -3, 3, -3, 3, -3, -3, -1, -1, -1, 3, -3, 3, -1, 1, -3, 3, -3, 3, -3, 3, -3, 1, -1, -1, -1]
20: 准确率为0.7333333333333333, kendall系数为0.4114684768490944, spearman系数为0.46133684671135144
human_scores is [1, -1, 1, -1, 1, -1, 1, -1, 1, -1, 1, -1, 1, -1, 1, -1, 0, 0, 1, -1, 1, -1, 0, 0, -1, 1, 1, -1, 1, -1, -1, 1, 1, -1, 1, -1, 1, -1, 1, -1, 0, 0]
model_scores is [3, -3, 3, -3, 3, -3, 3, -3, 3, -3, 3, -3, 3, -3, 3, -3, 1, -1, 1, -3, 1, -3, -1, 1, -3, 1, -1, -3, 1, -1, -1, -1, 1, -3, 1, -3, -1, -3, 1, -3, -1, 3]
21: 准确率为0.9166666666666666, kendall系数为0.7903638320415984, spearman系数为0.8666553863061083
human_scores is [1, -1, 1, -1, 1, -1, 1, -1, 1, -1, 1, -1, 1, -1, 1, -1, 1, -1, 1, -1, 1, -1, 0, 0, 1, -1, 1, -1, 1, -1, 1, -1, 1, -1, 1, -1, 0, 0, 0, 0, 0, 0]
model_scores is [3, -3, 3, -3, 3, -3, 3, -3, 3, -3, 3, -3, 3, -3, -1, -3, 3, -3, 3, -3, 3, -3, -3, 1, 3, -1, 1, -3, 1, -3, 3, -3, 3, -3, 3, -3, -1, -1, -1, -3, 3, -1]
22: 准确率为0.9705882352941176, kendall系数为0.85882709822339, spearman系数为0.9113219198796617
human_scores is [-1, 1, 0, 0, -1, 1, -1, 1, 0, 0, 0, 0, 1, -1, 0, 0, 0, 0, 1, -1, 1, -1, -1, 1, -1, 1, 0, 0, 0, 0, 0, 0, 1, -1, 1, -1, 1, -1, 1, -1, 0, 0]
model_scores is [-3, 3, -1, 3, -3, 3, -1, 3, 1, -1, -1, 3, 1, -1, 3, -1, -1, -3, 1, -3, 1, -1, 1, 1, 1, -1, 3, -1, 1, -1, -1, -3, 3, -3, 1, -3, 3, -1, -1, -1, -1, 3]
23: 准确率为0.8333333333333334, kendall系数为0.48460251042915675, spearman系数为0.5562115777283476
human_scores is [0, 0, -1, 1, 0, 0, 1, -1, -1, 1, 1, -1, -1, 1, 0, 0, 1, -1, -1, 1, 1, -1, 1, -1, 1, -1, 1, -1, 1, -1, 1, -1, -1, 1, 1, -1, -1, 1, 0, 0, 1, -1]
model_scores is [-3, 1, -1, -3, -3, 3, 3, -3, -1, -1, 1, -3, 1, -3, -3, 3, 3, -3, -3, -3, 1, -3, -3, 3, 3, -3, -1, -1, -1, -1, 3, -3, 3, -3, 3, -3, -3, 3, -3, 3, 1, -3]
24: 准确率为0.6764705882352942, kendall系数为0.26455795257635584, spearman系数为0.3088974657742172
human_scores is [1, -1, 1, -1, 1, -1, 0, 0, 1, -1, 1, -1, 1, -1, 1, -1, -1, 1, 1, -1, 1, -1, 0, 0, -1, 1, 0, 0, 1, -1, -1, 1, 0, 0, 1, -1, 1, -1, 1, -1, 1, -1]
model_scores is [-3, 1, 3, -3, -3, -3, 1, -3, 1, -3, -1, -1, 3, -3, 3, -3, 3, -3, 3, -3, 3, -3, -3, 3, -3, 1, -3, 3, -3, 3, 3, -3, -1, -3, 1, -3, 1, -3, 1, -3, -1, -1]
25: 准确率为0.6764705882352942, kendall系数为0.2630895962445528, spearman系数为0.2991421821048055
human_scores is [-1, 1, 0, 0, -1, 1, -1, 1, -1, 1, -1, 1, 1, -1, 0, 0, -1, 1, 0, 0, 0, 0, -1, 1, -1, 1, -1, 1, -1, 1, -1, 1, 0, 0, 0, 0, 1, -1, 1, -1, 0, 0]
model_scores is [-3, 3, 3, -1, -1, 3, -3, 1, 1, -1, 1, -1, 3, -3, 1, -3, 3, -3, 3, -3, 1, -3, -1, 1, 1, 1, 1, -1, 1, 3, 1, -1, 1, -1, 1, -3, -1, -1, -1, -1, -3, 1]
26: 准确率为0.5, kendall系数为0.1134899060891844, spearman系数为0.13127625787762592
human_scores is [1, -1, 1, -1, 1, -1, 1, -1, 1, -1, 1, -1, 1, -1, -1, 1, 1, -1, 0, 0, 1, -1, -1, 1, 0, 0, -1, 1, 0, 0, 1, -1, 1, -1, 1, -1, -1, 1, 0, 0, 1, -1]
model_scores is [3, -3, 3, -3, 3, -3, 3, -3, 3, -3, 3, -3, 3, -1, -3, 3, 3, -1, 3, -3, 3, -3, -3, 3, 1, -1, 1, -3, 3, -3, 3, -3, 3, -3, 3, -3, 3, -3, 1, -3, 1, -1]
27: 准确率为0.8823529411764706, kendall系数为0.6309938281647945, spearman系数为0.6885176953084007
human_scores is [-1, 1, 0, 0, 1, -1, 1, -1, 1, -1, 1, -1, 1, -1, 1, -1, 1, -1, 1, -1, 1, -1, 1, -1, 1, -1, 1, -1, 1, -1, 0, 0, 1, -1, 1, -1, 1, -1, 1, -1, 0, 0]
model_scores is [-1, -3, 3, -3, 3, -3, 3, -3, 3, -3, 3, -3, 3, -3, 3, -3, 3, -3, 3, -3, 3, -3, -1, 3, 3, -3, 3, -3, 3, -1, 3, -1, 3, -3, 3, -3, 3, -3, 1, -1, -1, 1]
28: 准确率为0.9166666666666666, kendall系数为0.7305183664064058, spearman系数为0.783178508968577
human_scores is [-1, 1, 1, -1, -1, 1, 1, -1, 1, -1, 1, -1, 1, -1, 0, 0, 1, -1, 1, -1, 1, -1, -1, 1, 1, -1, 1, -1, 1, -1, 1, -1, 1, -1, 1, -1, 0, 0, 0, 0, 0, 0]
model_scores is [-3, 1, 3, -3, -3, 3, -1, -3, -1, -3, 1, -3, 3, -3, -1, -1, 3, -3, 3, -3, 3, -3, -3, 3, -1, -3, -1, -3, 1, -1, 3, -3, 3, -3, 3, -3, -1, -3, -1, -1, -3, 1]
29: 准确率为0.8823529411764706, kendall系数为0.827722187632485, spearman系数为0.8890151095647015
human_scores is [1, -1, 1, -1, 0, 0, -1, 1, 1, -1, 1, -1, 1, -1, -1, 1, -1, 1, 0, 0, 1, -1, -1, 1, -1, 1, -1, 1, 0, 0, -1, 1, 1, -1, 1, -1, 1, -1, 1, -1, 1, -1]
model_scores is [1, 1, 3, -3, -1, -1, -1, -1, 3, -3, 3, -3, -1, -1, -1, 1, 1, -1, 3, -3, 3, -3, -3, 1, -3, -1, 3, -3, 3, -3, 1, -3, 3, -3, 3, -3, 3, -3, 3, -3, 3, -3]
30: 准确率为0.7222222222222222, kendall系数为0.466448019921765, spearman系数为0.5312127152597305
human_scores is [-1, 1, 0, 0, 1, -1, 1, -1, 1, -1, 1, -1, 1, -1, 1, -1, 1, -1, 1, -1, 1, -1, 1, -1, 1, -1, 1, -1, 1, -1, 0, 0, 1, -1, 0, 0, 1, -1, 0, 0, -1, 1]
model_scores is [-1, -1, -1, -1, 3, 1, 3, -3, 3, -3, 3, -3, -1, 3, -1, -3, -1, -1, 3, -1, 3, -3, 1, -3, 3, -1, 3, -3, 3, -3, -1, 1, 3, -1, 3, -3, 3, -1, 3, -3, 3, -1]
31: 准确率为0.7647058823529411, kendall系数为0.51841293208343, spearman系数为0.5820761253152561
human_scores is [1, -1, -1, 1, 1, -1, -1, 1, 0, 0, 1, -1, -1, 1, -1, 1, -1, 1, -1, 1, 0, 0, 1, -1, 0, 0, 1, -1, 1, -1, -1, 1, -1, 1, 1, -1, 1, -1, 1, -1, 1, -1]
model_scores is [3, -3, 3, -3, 3, -3, 3, -3, 3, -3, 3, -3, 3, -1, -3, 3, 1, -3, 3, -3, 3, -3, -1, 3, -3, 1, -1, 1, 1, 3, 1, -3, 3, -3, 3, -3, 1, -3, 1, -3, -1, 1]
32: 准确率为0.4166666666666667, kendall系数为0.05721721352713294, spearman系数为0.06707935620440686
human_scores is [0, 0, 1, -1, 1, -1, 1, -1, 1, -1, 1, -1, 1, -1, 1, -1, 1, -1, 1, -1, 1, -1, -1, 1, 0, 0, 0, 0, 0, 0, 1, -1, 1, -1, 1, -1, 0, 0, 0, 0, 0, 0]
model_scores is [-1, -1, 3, -3, 3, -3, 3, -3, 3, -3, 3, -3, 3, -3, 3, -3, 3, -3, 3, -3, 3, -3, -3, 3, -1, -1, -3, -1, 1, -1, 1, -3, -1, -3, 1, -1, -3, -1, -1, -1, -1, -1]
33: 准确率为0.9642857142857143, kendall系数为0.8794476916023192, spearman系数为0.9170000414834854
human_scores is [-1, 1, 1, -1, 0, 0, 1, -1, 1, -1, 1, -1, 1, -1, 1, -1, 1, -1, 1, -1, 1, -1, -1, 1, 0, 0, -1, 1, 0, 0, 1, -1, 1, -1, 1, -1, -1, 1, 0, 0, 1, -1]
model_scores is [1, -3, 3, -3, -1, -1, 3, -3, 3, -3, 3, -3, 3, -3, -1, 1, 3, -1, 3, -3, 3, -3, -1, 3, -1, -1, -1, -1, 3, -1, 3, -1, 3, -3, 3, -1, -1, -1, 3, -1, 3, -1]
34: 准确率为0.8235294117647058, kendall系数为0.6279232180864708, spearman系数为0.687433699792507
human_scores is [1, -1, 1, -1, 1, -1, 1, -1, 1, -1, 1, -1, 0, 0, -1, 1, 0, 0, -1, 1, 0, 0, -1, 1, 0, 0, -1, 1, 0, 0, 1, -1, 0, 0, 1, -1, -1, 1, 0, 0, 1, -1]
model_scores is [3, -3, 3, -3, -1, 1, 3, -3, 3, -1, 3, -3, -1, -1, -3, 3, 3, -3, -1, -1, 3, -3, -3, 3, 3, -3, -1, 3, 3, -1, 3, -3, 1, -3, 3, -3, -3, 1, 3, -1, 3, -3]
35: 准确率为0.8928571428571429, kendall系数为0.6439883880167213, spearman系数为0.7248247623656333
human_scores is [1, -1, 1, -1, 1, -1, 1, -1, 1, -1, 1, -1, 0, 0, 1, -1, 1, -1, 1, -1, 1, -1, 1, -1, 1, -1, 1, -1, 1, -1, 0, 0, 0, 0, 0, 0, 0, 0, 0, 0, 0, 0]
model_scores is [-3, -1, 3, -3, -1, -3, 1, -3, 3, -3, 1, -3, 3, -3, 1, -3, 1, -3, 3, -3, -1, -3, -1, -1, -1, 1, 3, -3, -3, 1, -3, 1, -1, -1, -3, 1, 3, -3, -3, 1, -3, 3]
36: 准确率为0.7142857142857143, kendall系数为0.40644559466631913, spearman系数为0.4741125727790616
human_scores is [1, -1, 0, 0, 1, -1, 1, -1, 1, -1, 1, -1, -1, 1, 0, 0, 1, -1, 1, -1, 1, -1, 1, -1, 1, -1, 1, -1, 1, -1, 1, -1, 1, -1, 1, -1, 1, -1, 1, -1, 0, 0]
model_scores is [3, -3, 3, -3, 1, -3, 3, -3, 3, -3, 3, -3, -1, 3, -3, 3, 3, -3, 3, -1, 1, -1, -3, 3, 3, -3, 1, -1, 1, -3, 3, -3, 3, -3, 3, -3, -1, 1, -3, 3, 1, 1]
37: 准确率为0.8333333333333334, kendall系数为0.5184758473652127, spearman系数为0.5827257619099568
human_scores is [1, -1, 1, -1, 1, -1, 1, -1, 1, -1, 1, -1, 0, 0, 0, 0, 1, -1, 1, -1, 1, -1, 0, 0, 1, -1, 1, -1, 1, -1, 1, -1, 1, -1, 1, -1, 0, 0, 0, 0, 0, 0]
model_scores is [3, -1, 3, -1, 1, -1, 1, -3, 3, -3, 1, -3, -1, -1, -1, -1, -1, -3, 3, -3, -1, -1, -3, -3, 1, -3, 1, -3, -1, -1, -1, -3, 1, -3, -1, -3, 3, -1, -1, 1, -3, 3]
38: 准确率为0.8333333333333334, kendall系数为0.6142303000417578, spearman系数为0.6975817249286063
human_scores is [1, -1, 1, -1, 1, -1, 1, -1, 1, -1, 1, -1, 0, 0, 0, 0, 1, -1, 1, -1, 1, -1, 0, 0, 1, -1, 1, -1, 1, -1, 1, -1, 1, -1, 1, -1, 0, 0, 0, 0, 0, 0]
model_scores is [3, -3, 3, -3, 3, -3, 3, -3, 3, -3, 3, -3, -1, -3, -1, 1, -1, -1, 3, -3, 1, -3, -3, 1, -3, 1, -1, -3, 1, -1, -1, -1, 3, -3, 1, -3, 1, -3, 1, -3, -1, -1]
39: 准确率为0.8333333333333334, kendall系数为0.6210344279375828, spearman系数为0.6889633031918387
human_scores is [-1, 1, 0, 0, 0, 0, 0, 0, 1, -1, 1, -1, 1, -1, 1, -1, 1, -1, 1, -1, 1, -1, 0, 0, 0, 0, 1, -1, 1, -1, 0, 0, 1, -1, 1, -1, 1, -1, 1, -1, 0, 0]
model_scores is [-3, 3, -3, 3, -3, 3, -3, 3, 1, -3, -1, -1, 1, -3, 1, -3, 1, -3, 3, -3, 3, -3, -3, -1, -3, 1, 3, -3, 3, -3, -3, 3, 3, -3, 3, -3, 3, -3, 3, -3, -1, 1]
40: 准确率为0.9642857142857143, kendall系数为0.6870251248834144, spearman系数为0.7718026556011925
human_scores is [1, -1, 1, -1, 1, -1, 1, -1, 1, -1, 1, -1, 1, -1, 1, -1, 1, -1, 1, -1, 1, -1, 0, 0, 1, -1, 1, -1, 1, -1, 1, -1, 1, -1, 1, -1, 0, 0, 0, 0, 0, 0]
model_scores is [3, -3, 3, -3, 3, -3, 3, -3, 3, -3, 3, -3, 3, -3, 1, -3, 1, -3, 1, -3, -3, 1, -3, 1, 1, 1, 3, 1, -3, 3, -1, -3, 3, -3, -3, 1, 3, -1, -3, 1, -3, 3]
41: 准确率为0.7352941176470589, kendall系数为0.4703967836038124, spearman系数为0.524532810463098
human_scores is [1, -1, 0, 0, -1, 1, 1, -1, 1, -1, 1, -1, -1, 1, -1, 1, 0, 0, 1, -1, 1, -1, -1, 1, 1, -1, 1, -1, 1, -1, 1, -1, 1, -1, 1, -1, 1, -1, 1, -1, 0, 0]
model_scores is [1, -1, -3, -1, -1, 3, -3, -1, -3, -1, -1, -3, -1, -1, -1, 3, -3, -1, -1, -1, -1, -3, -3, 1, 1, 1, 1, -1, 3, -1, 3, -3, 1, -3, 3, -3, 1, -3, 3, -3, 3, 3]
42: 准确率为0.8055555555555556, kendall系数为0.46911917772791645, spearman系数为0.5463451994487665
human_scores is [1, -1, 1, -1, 0, 0, 1, -1, 1, -1, 1, -1, -1, 1, -1, 1, 1, -1, 1, -1, 1, -1, -1, 1, 1, -1, 1, -1, 1, -1, 1, -1, 1, -1, 1, -1, 1, -1, 0, 0, -1, 1]
model_scores is [3, -3, 3, -3, 3, -3, 3, -3, 3, -3, 3, -3, 3, -3, -3, -1, 1, -3, -1, -3, -1, -3, -3, 1, -3, -1, -3, -3, -3, 1, 1, -3, 3, -3, -3, -1, 1, -3, -1, 1, -1, 3]
43: 准确率为0.7368421052631579, kendall系数为0.44918707712389006, spearman系数为0.49669963389939137
human_scores is [0, 0, -1, 1, 0, 0, 1, -1, 1, -1, 1, -1, -1, 1, 0, 0, 1, -1, 1, -1, 1, -1, 1, -1, 1, -1, 1, -1, 1, -1, 1, -1, 1, -1, 1, -1, 0, 0, 0, 0, 0, 0]
model_scores is [-1, -3, -1, -3, 3, -3, 3, -3, 3, -3, 3, -3, -1, -1, 3, -1, 3, -1, 3, -3, 3, -1, 3, -1, 3, -3, 3, -3, 3, -3, -1, -1, 1, -1, 1, -1, 3, -1, 3, -1, -1, 1]
44: 准确率为0.9, kendall系数为0.582569212367836, spearman系数为0.655111839013559
human_scores is [1, -1, 1, -1, 1, -1, 1, -1, 1, -1, 1, -1, -1, 1, 1, -1, 1, -1, 1, -1, 1, -1, 1, -1, 1, -1, 1, -1, 1, -1, 0, 0, 1, -1, 1, -1, 1, -1, 1, -1, 0, 0]
model_scores is [-1, -1, -1, -1, 3, -3, 3, -3, 3, -3, 3, -3, -1, -1, 3, -3, 3, -3, 3, -3, 3, -3, 3, -3, 3, -3, 3, -3, 3, -3, 3, -1, 3, -3, -1, 1, 1, -1, -3, 1, -3, 1]
45: 准确率为0.8157894736842105, kendall系数为0.6650972299324711, spearman系数为0.7350069621358845
human_scores is [-1, 1, 0, 0, 1, -1, 0, 0, -1, 1, 0, 0, 1, -1, 1, -1, 1, -1, 0, 0, 1, -1, 1, -1, 0, 0, -1, 1, 0, 0, -1, 1, -1, 1, -1, 1, -1, 1, 0, 0, 1, -1]
model_scores is [-3, 1, -1, 1, 3, -1, 3, -1, 3, -3, 3, -1, -3, -3, 3, -1, 1, -1, 3, -3, 3, -3, 3, -1, 3, -1, 1, -3, 3, -3, -1, -1, 1, -3, 1, -3, 1, -3, 1, -1, -1, -3]
46: 准确率为0.5357142857142857, kendall系数为0.0322024869524083, spearman系数为0.03237077483613983
human_scores is [1, -1, 1, -1, 1, -1, 1, -1, 1, -1, 1, -1, 0, 0, 0, 0, 1, -1, 0, 0, 1, -1, 0, 0, 1, -1, 0, 0, 1, -1, 1, -1, 0, 0, 1, -1, -1, 1, 0, 0, 1, -1]
model_scores is [3, -3, 3, -3, 3, -3, 3, -3, 3, -3, 3, -3, 1, -3, -1, 3, 1, -3, 3, -3, 1, -3, -3, 3, 3, -1, 3, -1, 3, -1, 3, -3, 3, -3, 3, -3, 1, -3, 3, -3, -1, 1]
47: 准确率为0.8571428571428571, kendall系数为0.5568036771873125, spearman系数为0.6374968205373082
human_scores is [0, 0, 1, -1, 0, 0, 1, -1, 1, -1, 1, -1, 1, -1, 0, 0, 1, -1, 1, -1, 1, -1, -1, 1, 1, -1, 1, -1, 1, -1, 1, -1, 1, -1, 1, -1, 1, -1, 1, -1, 0, 0]
model_scores is [3, -1, 3, -3, 3, -1, 3, -3, 3, -3, 3, -3, 1, -3, -1, -1, -1, -3, 3, -3, 1, -3, -3, 1, -1, 1, 3, -3, 1, -3, 1, -1, 3, -3, 3, -3, 1, -3, -1, -3, -1, -3]
48: 准确率为0.8823529411764706, kendall系数为0.743238419749845, spearman系数为0.8195042696492766
human_scores is [1, -1, 1, -1, 0, 0, 1, -1, 1, -1, 1, -1, -1, 1, -1, 1, -1, 1, 1, -1, 1, -1, -1, 1, 0, 0, 1, -1, 1, -1, 1, -1, 1, -1, 1, -1, 1, -1, 1, -1, 0, 0]
model_scores is [3, -3, 1, -3, -3, 3, 1, -3, 1, -3, 1, -3, -1, 1, -3, 3, -1, -1, -1, -1, -1, -1, -3, 3, 1, -1, 1, -3, 1, -3, 3, -3, 3, -3, 3, -3, -1, -3, -1, -1, -3, 1]
49: 准确率为0.8611111111111112, kendall系数为0.6698187216350198, spearman系数为0.7665256723699384
human_scores is [1, -1, 1, -1, 0, 0, 1, -1, 1, -1, 1, -1, 1, -1, -1, 1, 1, -1, 1, -1, 1, -1, -1, 1, 0, 0, 1, -1, 0, 0, 1, -1, 1, -1, 1, -1, 1, -1, 0, 0, -1, 1]
model_scores is [3, -3, 3, -3, 3, -3, 3, -3, 3, -3, 3, -3, -1, 1, -3, 3, -1, 1, 3, -3, 3, -1, -3, 3, 1, -1, 3, -3, 3, -3, 3, -3, 3, -3, 3, -3, 1, -3, 1, -1, -3, 3]
50: 准确率为0.8823529411764706, kendall系数为0.759486262564852, spearman系数为0.8324180309652078
human_scores is [1, -1, 1, -1, 1, -1, 1, -1, 1, -1, 1, -1, -1, 1, 0, 0, 0, 0, 0, 0, 0, 0, 1, -1, 1, -1, 1, -1, 1, -1, 0, 0, 0, 0, 0, 0, 0, 0, 0, 0, 0, 0]
model_scores is [3, -3, 3, -3, 3, -3, 3, -3, 3, -3, 3, -3, 1, -1, -3, -3, -3, 3, 3, -1, 1, -3, -3, 1, -3, 3, -3, -1, -1, -3, -3, -1, 1, -1, 3, -3, 1, -3, 3, -3, 1, -3]
51: 准确率为0.6363636363636364, kendall系数为0.2832205920185104, spearman系数为0.31895811611301306
human_scores is [-1, 1, 0, 0, 1, -1, 0, 0, 1, -1, 1, -1, 1, -1, 1, -1, 1, -1, 1, -1, 1, -1, 1, -1, 0, 0, 1, -1, 1, -1, -1, 1, 1, -1, 1, -1, 1, -1, 1, -1, 0, 0]
model_scores is [-1, -1, 3, -3, 1, -3, 3, -3, 3, -3, 3, -3, 3, -3, 3, -3, 3, -3, 3, -3, 3, -3, -1, 3, -1, -1, 3, -1, 3, -3, 1, -1, 3, -3, 3, -3, 3, -1, 3, -1, -1, 1]
52: 准确率为0.8529411764705882, kendall系数为0.6605607080094811, spearman系数为0.7322787263331716
human_scores is [1, -1, 1, -1, -1, 1, 1, -1, 1, -1, 1, -1, 0, 0, -1, 1, 1, -1, 1, -1, 0, 0, -1, 1, 1, -1, 1, -1, 0, 0, 1, -1, 1, -1, 1, -1, 0, 0, -1, 1, -1, 1]
model_scores is [-1, 1, -1, -1, -3, 3, 1, -1, 3, -1, 3, -1, 1, -1, -3, 3, 3, -1, 3, -1, 3, -1, -3, 3, 3, -1, 3, -3, 3, -1, 3, -3, 3, -3, 3, -3, 3, -1, 1, 3, 1, 1]
53: 准确率为0.8529411764705882, kendall系数为0.6693839665989059, spearman系数为0.7492003695195668
human_scores is [1, -1, 1, -1, 0, 0, 1, -1, 1, -1, 1, -1, 1, -1, -1, 1, 1, -1, 1, -1, 1, -1, -1, 1, 1, -1, 1, -1, 1, -1, 1, -1, 1, -1, 1, -1, -1, 1, 0, 0, 1, -1]
model_scores is [1, -3, 3, -3, 1, -3, 3, -3, 3, -3, 3, -3, 1, -3, 1, -1, 3, -3, 3, -3, 1, -3, -3, 1, 3, -3, 3, -3, 1, -3, 3, -3, 3, -3, 3, -3, 3, -3, 1, -1, -3, 1]
54: 准确率为0.8421052631578947, kendall系数为0.66878778298601, spearman系数为0.7143421517935555
human_scores is [0, 0, 1, -1, 1, -1, 1, -1, 1, -1, 1, -1, 1, -1, 1, -1, 1, -1, 1, -1, 1, -1, 0, 0, 0, 0, 1, -1, 1, -1, 0, 0, 1, -1, 1, -1, 1, -1, 1, -1, 0, 0]
model_scores is [-3, 3, -1, -3, -3, 3, 1, -1, 3, -3, 3, -3, 3, -3, -1, -1, 3, -3, 3, -3, 3, -3, -3, 3, -1, 1, 1, -1, 3, -1, 3, -3, 3, -3, 3, -3, 1, -1, 1, -1, -1, 1]
55: 准确率为0.875, kendall系数为0.5381244744880744, spearman系数为0.6177944847678882
human_scores is [0, 0, 0, 0, 0, 0, 1, -1, 1, -1, 1, -1, 0, 0, 0, 0, 1, -1, 1, -1, 1, -1, 0, 0, 1, -1, 1, -1, 1, -1, 1, -1, 1, -1, 1, -1, 0, 0, 0, 0, 0, 0]
model_scores is [-1, 1, -1, -3, -3, 3, -1, -3, -1, -3, 3, -3, 3, -3, -3, 3, 3, -3, 3, -3, 3, -3, -3, 3, 3, -3, 1, -3, 3, -3, 3, -3, 3, -3, 3, -3, 3, -1, 3, -1, 3, -1]
56: 准确率为0.9166666666666666, kendall系数为0.6833601774141302, spearman系数为0.7504170142107038
human_scores is [1, -1, 0, 0, 0, 0, 1, -1, 1, -1, 1, -1, -1, 1, -1, 1, 0, 0, 1, -1, 1, -1, 0, 0, 1, -1, 1, -1, 1, -1, 1, -1, 1, -1, 1, -1, 1, -1, 1, -1, 0, 0]
model_scores is [3, -3, 1, -3, 1, -1, 3, -3, 3, -3, 3, -3, -3, 1, -3, 3, -3, 3, -1, -1, -3, -1, -3, 3, -3, 1, 3, -3, -1, -1, 3, -3, 3, -3, 3, -3, 3, -3, 3, -3, -3, 3]
57: 准确率为0.84375, kendall系数为0.5854094765375644, spearman系数为0.6569553438152976
human_scores is [0, 0, 1, -1, 1, -1, 1, -1, 1, -1, 1, -1, 1, -1, 1, -1, 1, -1, 1, -1, 1, -1, 0, 0, -1, 1, 1, -1, 1, -1, -1, 1, 1, -1, 1, -1, 1, -1, 1, -1, 0, 0]
model_scores is [1, -3, 3, -3, 3, -3, 3, -3, 3, -3, 3, -3, -1, -3, -1, -3, -1, -3, 3, -3, -3, -3, -3, -3, -1, 3, 1, -3, -1, -1, -1, 3, 3, -3, -1, -3, 3, -3, 3, -3, -3, 3]
58: 准确率为0.8333333333333334, kendall系数为0.677772085586298, spearman系数为0.7609167897360759
human_scores is [1, -1, 1, -1, 1, -1, -1, 1, 1, -1, 1, -1, 0, 0, 0, 0, -1, 1, 1, -1, 1, -1, 0, 0, -1, 1, 1, -1, 1, -1, -1, 1, 1, -1, 1, -1, 1, -1, 1, -1, 0, 0]
model_scores is [-3, 3, 1, -3, 3, -3, 3, -3, 3, -3, 1, -3, 3, -3, 3, -3, 3, -3, 3, -3, 3, -3, 1, -1, 1, 1, 1, -3, 3, -3, 1, 1, 1, -1, 1, 1, 3, -3, 3, -3, 3, 1]
59: 准确率为0.7352941176470589, kendall系数为0.3381918632984402, spearman系数为0.3804748506694846
human_scores is [-1, 1, 1, -1, -1, 1, 1, -1, 1, -1, 1, -1, 1, -1, 0, 0, 1, -1, 1, -1, 1, -1, -1, 1, -1, 1, -1, 1, -1, 1, 1, -1, 1, -1, 1, -1, 0, 0, 0, 0, 0, 0]
model_scores is [1, -1, 3, -3, -3, 1, 3, -3, 3, -3, 3, -3, 1, -3, -3, 3, 3, -1, 3, -3, 3, -3, -3, 3, 1, 3, 3, 1, -1, 1, 3, -3, 3, -3, 3, -3, 3, 1, 1, 3, -1, 1]
60: 准确率为0.8823529411764706, kendall系数为0.6692214689780145, spearman系数为0.7436221054567673
human_scores is [1, -1, 0, 0, 0, 0, 1, -1, 1, -1, 1, -1, -1, 1, -1, 1, -1, 1, 0, 0, 0, 0, 0, 0, 1, -1, 1, -1, 1, -1, 1, -1, 1, -1, 1, -1, 1, -1, 1, -1, 0, 0]
model_scores is [-3, 3, -3, 3, -3, 3, -3, 3, 3, -3, -1, -3, -1, -1, -3, 1, -3, 3, 3, -3, 1, -3, -3, -1, -3, 1, 3, -3, 1, -3, -1, -1, 3, -3, 3, -3, 3, -3, 3, -3, -3, 1]
61: 准确率为0.7, kendall系数为0.35306522324787515, spearman系数为0.4038564861276271
human_scores is [0, 0, -1, 1, -1, 1, 0, 0, 1, -1, 1, -1, -1, 1, -1, 1, 0, 0, 1, -1, 1, -1, 0, 0, 1, -1, 1, -1, 1, -1, 1, -1, 1, -1, 1, -1, 1, -1, 1, -1, 0, 0]
model_scores is [1, -1, -3, 3, -3, 3, -3, 3, 3, -3, -1, -1, -3, 3, -3, 3, -3, 3, 3, -3, -3, -1, 3, -3, 1, 1, 3, -3, 3, -3, -3, 3, 3, -3, 1, -3, 3, -3, 3, -3, -3, 3]
62: 准确率为0.84375, kendall系数为0.546875, spearman系数为0.6146824548007532
human_scores is [0, 0, 1, -1, 1, -1, 1, -1, 1, -1, 1, -1, 1, -1, 1, -1, 1, -1, 1, -1, 1, -1, 1, -1, 1, -1, 1, -1, 1, -1, 1, -1, 1, -1, 1, -1, 1, -1, 1, -1, 0, 0]
model_scores is [3, -3, 3, -3, 3, -3, 3, -3, 3, -3, 3, -3, 1, -3, -1, 1, 1, -1, 1, -3, 1, 1, -3, -1, 1, -1, 1, -1, 1, -1, 3, -3, 1, -3, 1, -3, -3, 1, -3, -3, -3, -1]
63: 准确率为0.8157894736842105, kendall系数为0.4983767830814657, spearman系数为0.5685280620585057
human_scores is [1, -1, 1, -1, 1, -1, 1, -1, 1, -1, 1, -1, 1, -1, 1, -1, 1, -1, 1, -1, 1, -1, 0, 0, 0, 0, 1, -1, 1, -1, 0, 0, 1, -1, 1, -1, 1, -1, 1, -1, 0, 0]
model_scores is [3, -3, 3, -3, 3, -3, 3, -3, 3, -3, 3, -3, 3, -1, -1, -1, 1, -1, 3, -3, 1, -1, -1, 1, -1, -1, 1, -1, -1, -1, 1, -1, 3, -3, -1, -1, 3, -1, -1, -1, -1, 1]
64: 准确率为0.8823529411764706, kendall系数为0.724020060901872, spearman系数为0.7831191564989413
human_scores is [1, -1, 1, -1, 1, -1, 1, -1, 1, -1, 1, -1, 1, -1, 0, 0, 1, -1, 1, -1, 1, -1, -1, 1, 1, -1, 1, -1, 1, -1, 1, -1, 1, -1, 1, -1, 0, 0, 0, 0, 0, 0]
model_scores is [-3, 1, 3, -3, -3, 1, 3, -3, -1, -3, 3, -3, -1, -3, 1, -3, 3, -3, 1, -3, 3, -3, -3, 1, -3, -3, 1, -3, 3, -1, 3, -3, 1, -3, 3, -3, -3, -1, -1, -1, 1, -3]
65: 准确率为0.7941176470588235, kendall系数为0.5912035922276386, spearman系数为0.6462233411209186
human_scores is [0, 0, 0, 0, 0, 0, 0, 0, 1, -1, 1, -1, 0, 0, 0, 0, 0, 0, 1, -1, 1, -1, 0, 0, 0, 0, 1, -1, 1, -1, 0, 0, 1, -1, 1, -1, 1, -1, 1, -1, 1, -1]
model_scores is [3, -3, 3, -1, -1, -3, 3, -3, 1, -3, 1, -3, -1, 3, -3, 1, -3, 1, 1, -3, -3, -1, -1, 1, 3, -1, 1, -1, -1, -1, 3, -3, 1, -3, -1, -3, -1, -3, -3, 1, -3, 1]
66: 准确率为0.6363636363636364, kendall系数为0.16509151357769133, spearman系数为0.19942724719718344
human_scores is [0, 0, 1, -1, 0, 0, 1, -1, 1, -1, 1, -1, 1, -1, 0, 0, 1, -1, 1, -1, 1, -1, -1, 1, 0, 0, 1, -1, 1, -1, 1, -1, 1, -1, 1, -1, 1, -1, 1, -1, 0, 0]
model_scores is [3, -3, 1, -3, -3, -3, 3, -3, 3, -3, 3, -3, 1, 1, -3, 3, 1, -1, 3, -3, 3, -3, -3, 1, 3, -1, 3, -3, 3, -3, 3, -3, 3, -3, 3, -3, 1, -3, 1, -3, -1, 3]
67: 准确率为0.96875, kendall系数为0.691262148313928, spearman系数为0.7845720678491392
human_scores is [0, 0, 1, -1, 1, -1, 1, -1, 1, -1, 1, -1, 1, -1, 1, -1, 1, -1, 1, -1, 1, -1, 1, -1, 0, 0, 1, -1, 1, -1, -1, 1, 0, 0, 1, -1, 1, -1, 1, -1, 1, -1]
model_scores is [3, -3, 1, -3, 3, -3, 3, -3, 3, -3, 3, -3, 1, -1, -3, -3, -1, -3, 3, -3, -1, -3, 1, -1, -1, -3, -1, -3, -1, -3, 3, -3, 1, -3, -1, -3, -3, -3, -1, -1, -1, -1]
68: 准确率为0.6944444444444444, kendall系数为0.4649645916287104, spearman系数为0.5272599861197482
human_scores is [1, -1, 1, -1, 0, 0, 1, -1, 1, -1, 1, -1, 0, 0, -1, 1, 0, 0, 1, -1, 1, -1, -1, 1, 0, 0, 1, -1, 1, -1, 1, -1, 1, -1, 1, -1, 1, -1, 1, -1, 0, 0]
model_scores is [1, -3, 3, -3, -3, 3, 3, -1, 3, -3, 3, -3, 3, -1, -3, 3, 3, -1, 3, -3, 3, -1, -3, 3, -1, -1, 3, -1, 3, 1, 3, -3, 3, -3, 3, -3, 3, -3, 3, -3, 1, 3]
69: 准确率为0.96875, kendall系数为0.7990115332534999, spearman系数为0.8669490359723397
human_scores is [0, 0, 1, -1, 0, 0, 1, -1, 1, -1, 1, -1, 1, -1, 0, 0, 1, -1, 1, -1, 1, -1, -1, 1, 1, -1, 1, -1, 1, -1, 1, -1, 1, -1, 1, -1, 0, 0, 0, 0, 0, 0]
model_scores is [3, -3, 3, -3, 3, -3, 3, -3, 3, -3, 3, -3, 3, -3, 1, -3, 3, -3, 3, -3, 3, -3, -3, 3, -1, -3, -1, -3, -3, -3, 3, -3, 3, -3, 1, -3, 1, -3, -1, 1, -3, 1]
70: 准确率为0.9, kendall系数为0.7337993857053429, spearman系数为0.7970342607389614
human_scores is [1, -1, 1, -1, 1, -1, 1, -1, 1, -1, 1, -1, 1, -1, 0, 0, 1, -1, 1, -1, 1, -1, -1, 1, 0, 0, 1, -1, 1, -1, 1, -1, 1, -1, 1, -1, 1, -1, 1, -1, 0, 0]
model_scores is [-1, 3, -1, -1, -1, 3, -1, -1, 1, -1, 3, -3, 3, -3, 1, 1, 3, -3, 3, -3, 3, -3, -3, 3, -3, 3, 1, -1, 3, -3, 3, -3, 3, -3, 3, -3, 3, -3, 3, -3, -1, -1]
71: 准确率为0.8333333333333334, kendall系数为0.6427483225243472, spearman系数为0.7046950472429959
human_scores is [0, 0, 1, -1, 0, 0, 1, -1, 1, -1, 1, -1, 1, -1, 0, 0, 1, -1, 1, -1, 1, -1, -1, 1, 0, 0, 0, 0, 0, 0, 1, -1, 1, -1, 1, -1, 0, 0, 0, 0, 0, 0]
model_scores is [-1, 3, -1, 3, -1, 3, -1, -1, 3, -3, 3, -3, 3, -3, 1, -1, 1, -3, 3, -3, 3, -3, -3, 3, -3, 1, 3, -3, 3, -3, 3, -1, 3, -3, 3, -3, 3, -3, 3, -3, -3, 1]
72: 准确率为0.875, kendall系数为0.5605549547772328, spearman系数为0.6279273688467044
human_scores is [1, -1, 1, -1, 1, -1, 1, -1, 1, -1, 1, -1, 0, 0, 0, 0, 0, 0, 1, -1, 1, -1, 0, 0, 0, 0, 1, -1, 1, -1, 0, 0, 1, -1, 1, -1, 1, -1, 1, -1, 0, 0]
model_scores is [3, -3, 3, -3, 3, -1, 3, -3, 3, -3, 3, -3, -1, 1, -3, 3, 1, 1, 3, -3, 3, -3, 1, -1, 3, -3, 1, -3, 3, -3, 3, -3, 3, -3, 3, -3, 1, -3, 3, -3, 1, -3]
73: 准确率为1.0, kendall系数为0.7905585867332436, spearman系数为0.8496914161731195
human_scores is [-1, 1, -1, 1, -1, 1, 1, -1, 1, -1, 1, -1, 0, 0, 0, 0, 1, -1, 1, -1, 1, -1, 0, 0, 1, -1, 1, -1, 1, -1, 1, -1, 1, -1, 1, -1, 0, 0, 0, 0, 0, 0]
model_scores is [-3, 3, -1, -3, -3, 3, 3, -3, 3, -3, 3, -3, 1, -3, -3, -1, 3, -3, 3, -3, 3, -3, -3, 1, 1, -3, 3, -3, -3, -1, 3, -3, 3, -3, 3, -3, -1, 1, -3, 1, -3, 3]
74: 准确率为0.9333333333333333, kendall系数为0.6988117423523041, spearman系数为0.7479934541178963
human_scores is [-1, 1, -1, 1, -1, 1, 1, -1, 0, 0, 1, -1, 1, -1, 1, -1, 1, -1, 1, -1, 1, -1, 0, 0, 1, -1, 1, -1, 1, -1, 1, -1, 1, -1, 1, -1, -1, 1, 0, 0, 1, -1]
model_scores is [3, -3, 3, -3, 3, -3, 3, -3, 3, -3, 3, -3, 3, -3, -1, -1, 3, -3, 3, -3, 3, -3, -3, -1, 1, -3, 3, -3, 3, -3, 3, -3, 3, -3, 3, -3, 3, -1, 3, -1, -1, 1]
75: 准确率为0.6944444444444444, kendall系数为0.4134791788578664, spearman系数为0.4517370204147869
human_scores is [0, 0, 1, -1, 0, 0, 1, -1, 1, -1, 1, -1, 1, -1, 0, 0, 1, -1, 1, -1, 1, -1, -1, 1, 0, 0, 0, 0, 1, -1, 1, -1, 1, -1, 1, -1, 0, 0, 1, -1, 1, -1]
model_scores is [3, -3, 3, -3, 3, -3, 3, -3, 3, -3, 3, -3, -3, -1, -1, 1, 1, -3, 1, -3, -1, -3, -1, -1, 1, 1, -1, -3, -1, -3, 1, -3, 1, -3, -1, -3, 3, -1, 1, -1, -3, -1]
76: 准确率为0.8, kendall系数为0.4963579466537995, spearman系数为0.5756311387144651
human_scores is [0, 0, 1, -1, -1, 1, 1, -1, 1, -1, 1, -1, 1, -1, -1, 1, 1, -1, 1, -1, 1, -1, -1, 1, 0, 0, 1, -1, 1, -1, 1, -1, 1, -1, 1, -1, 1, -1, 1, -1, 0, 0]
model_scores is [1, -1, 1, -3, -3, 3, -1, 1, 3, -3, 3, -3, -1, -1, -3, 3, -3, 1, 3, -3, 3, -3, -3, 3, -3, 3, 3, -3, 3, -3, 3, -1, 3, -3, 3, -3, 3, -3, 3, -3, 1, 1]
77: 准确率为0.8611111111111112, kendall系数为0.7346744997600533, spearman系数为0.7961402503880628
human_scores is [1, -1, 1, -1, 0, 0, 1, -1, 1, -1, 1, -1, 0, 0, -1, 1, 0, 0, -1, 1, 0, 0, -1, 1, 0, 0, -1, 1, 0, 0, 1, -1, 1, -1, 1, -1, -1, 1, 0, 0, 1, -1]
model_scores is [3, -3, 3, -3, 1, -3, 3, -3, 3, -3, 3, -3, -3, 3, -3, 3, 1, 1, 1, -1, 1, -1, -1, 3, 3, -3, 3, -1, 1, -3, 3, -3, 3, -3, 3, -3, -1, -1, 1, -1, 1, -1]
78: 准确率为0.8214285714285714, kendall系数为0.5827623545562899, spearman系数为0.6520315206438451
human_scores is [1, -1, 1, -1, 1, -1, 1, -1, 1, -1, 1, -1, 0, 0, 0, 0, 1, -1, 1, -1, 1, -1, 0, 0, 1, -1, 1, -1, 1, -1, 1, -1, 1, -1, 1, -1, 0, 0, 0, 0, 0, 0]
model_scores is [-1, -1, 1, -3, -3, -3, 1, -1, 1, -3, 1, -3, -1, -1, 1, 1, -3, -1, 3, -1, 3, -1, -1, 1, -3, -1, 1, -1, 1, -1, -3, -1, 1, -1, 1, -1, 3, -3, 3, -3, -1, -1]
79: 准确率为0.8333333333333334, kendall系数为0.33235846010496184, spearman系数为0.37934860074408205
human_scores is [0, 0, 0, 0, 0, 0, 1, -1, 1, -1, 1, -1, 0, 0, 0, 0, 1, -1, 1, -1, 1, -1, 0, 0, 1, -1, 1, -1, 1, -1, 1, -1, 1, -1, 1, -1, -1, 1, -1, 1, -1, 1]
model_scores is [1, -1, 3, -1, 3, -1, 1, -3, 3, -3, 3, -3, 3, -1, 3, -1, -3, -3, 1, -1, -1, -3, -1, 1, -1, -1, -1, -1, -1, -1, -1, -1, -1, 1, -1, -1, 1, -1, 1, -3, -1, -1]
80: 准确率为0.5333333333333333, kendall系数为0.15544876119813447, spearman系数为0.17956279230341984
human_scores is [0, 0, 1, -1, 0, 0, 1, -1, 1, -1, 1, -1, 1, -1, 0, 0, 1, -1, 1, -1, 1, -1, -1, 1, -1, 1, 0, 0, 0, 0, 1, -1, 1, -1, 1, -1, 1, -1, 1, -1, 0, 0]
model_scores is [3, -3, 3, -3, 1, 1, 3, -3, 3, -3, 3, -3, 3, -1, -3, 3, -1, -3, 3, -1, 1, -1, -3, 3, -1, 3, 1, -1, -3, 3, 3, -3, 3, -3, 3, -3, -1, -1, 1, -1, -1, 3]
81: 准确率为0.9333333333333333, kendall系数为0.6562891065264703, spearman系数为0.7441381099450297
human_scores is [-1, 1, 1, -1, 1, -1, 1, -1, 1, -1, 1, -1, 1, -1, 1, -1, 1, -1, 1, -1, 1, -1, 0, 0, 0, 0, 1, -1, 1, -1, 0, 0, 1, -1, 1, -1, 1, -1, 1, -1, 0, 0]
model_scores is [3, -3, 3, -3, 3, -3, 3, -3, 3, -3, 3, -3, -1, 1, -3, 3, -3, 3, -3, -1, -3, -3, -3, 3, -1, 1, -1, 1, -1, -1, -3, -3, 3, -3, 1, -3, 3, -3, 1, -3, -3, -1]
82: 准确率为0.6176470588235294, kendall系数为0.25081468231264903, spearman系数为0.2810270177344382
human_scores is [0, 0, 1, -1, 1, -1, 1, -1, 1, -1, 1, -1, 1, -1, 1, -1, 1, -1, 1, -1, 1, -1, 0, 0, 1, -1, 1, -1, 1, -1, 1, -1, 1, -1, 1, -1, 0, 0, 0, 0, 0, 0]
model_scores is [3, -3, 3, -3, 1, -3, 3, -3, 3, -3, 3, -3, 1, -1, -3, 1, -1, -3, 1, -1, 1, -1, -3, 1, -1, -1, -1, -1, 1, -1, 3, -3, 3, -3, 3, -3, 3, -1, 1, -1, 1, -1]
83: 准确率为0.84375, kendall系数为0.5608221636481256, spearman系数为0.63912607743476
human_scores is [0, 0, -1, 1, 0, 0, 0, 0, 1, -1, 1, -1, -1, 1, 0, 0, 0, 0, 1, -1, 1, -1, 1, -1, 1, -1, 1, -1, 1, -1, 0, 0, 1, -1, 1, -1, 1, -1, 1, -1, 0, 0]
model_scores is [3, -1, 3, -3, 3, -3, 3, -3, 3, -3, 3, -3, -1, -3, 3, -3, -1, 1, 3, -3, 1, -1, 1, -1, -1, 3, 3, -1, 1, -1, -3, 1, 1, -3, 1, -1, 3, -3, 1, -1, -1, 3]
84: 准确率为0.8214285714285714, kendall系数为0.30890851583976503, spearman系数为0.3695974360065326
human_scores is [1, -1, 0, 0, 1, -1, 1, -1, 1, -1, 1, -1, -1, 1, 0, 0, 1, -1, 1, -1, 1, -1, 1, -1, 1, -1, 1, -1, 1, -1, 1, -1, 1, -1, 1, -1, 1, -1, 1, -1, 0, 0]
model_scores is [3, -3, 3, -3, 1, -3, 3, -3, 3, -3, 3, -3, -1, -1, -3, 3, 3, -3, 3, -1, 3, -3, -3, 3, 3, -3, 3, -3, 1, -3, 3, -3, 3, -3, 3, -3, -1, 3, -1, 1, 3, -3]
85: 准确率为0.8055555555555556, kendall系数为0.5540517842491166, spearman系数为0.6293403339738426
human_scores is [-1, 1, 0, 0, 0, 0, 1, -1, 1, -1, 1, -1, 1, -1, 1, -1, 1, -1, 1, -1, 1, -1, 0, 0, 1, -1, 1, -1, 1, -1, 1, -1, 1, -1, 1, -1, 0, 0, 0, 0, 0, 0]
model_scores is [-1, 1, 1, -3, 3, -1, 3, -3, 3, -3, 3, -3, 1, -3, 3, -1, 3, -3, 3, -3, 3, -3, -3, 1, -1, 1, -3, 1, 3, -1, 3, -1, 1, -3, 3, -3, -1, -1, 1, -1, 3, -1]
86: 准确率为0.8666666666666667, kendall系数为0.6198710753808478, spearman系数为0.6904146969059276
human_scores is [1, -1, 1, -1, 1, -1, 1, -1, 1, -1, 1, -1, 0, 0, 0, 0, 0, 0, 0, 0, 1, -1, 0, 0, 0, 0, 0, 0, 1, -1, 0, 0, 0, 0, 1, -1, 0, 0, 1, -1, 1, -1]
model_scores is [3, -3, 3, -3, 1, -1, -1, -1, 3, -3, 3, -3, -1, -3, -1, 1, -3, 1, 1, -3, 1, -1, -1, 3, -3, 1, 1, -1, 3, -1, -3, -1, 1, -3, 3, -1, 3, -3, 3, -3, 1, -1]
87: 准确率为0.9545454545454546, kendall系数为0.5616816859148233, spearman系数为0.640239824485991
human_scores is [-1, 1, -1, 1, -1, 1, -1, 1, 1, -1, -1, 1, 0, 0, 0, 0, 0, 0, 1, -1, 0, 0, 0, 0, 0, 0, 1, -1, 0, 0, 0, 0, 1, -1, 0, 0, 1, -1, 0, 0, -1, 1]
model_scores is [-1, -3, -3, 1, -3, 1, -1, 1, -1, -1, 1, -3, -3, 1, -3, 3, -1, -1, 1, -3, -1, -3, -3, -1, -1, -3, -3, -3, 1, -3, 3, -3, 3, -3, 3, -3, -1, -3, 1, -3, -1, -3]
88: 准确率为0.6818181818181818, kendall系数为0.1842744446585922, spearman系数为0.21383621849026938
human_scores is [0, 0, 1, -1, 1, -1, 1, -1, 1, -1, 1, -1, 1, -1, 1, -1, 1, -1, 1, -1, 1, -1, -1, 1, 0, 0, 0, 0, 0, 0, 1, -1, 1, -1, 1, -1, 0, 0, 0, 0, 0, 0]
model_scores is [-3, 1, 3, -3, -1, -3, 3, -3, 3, -3, 3, -3, 3, -3, 1, -3, 3, -3, 3, -3, 3, -3, -3, 3, -1, -1, 1, -1, 1, -1, 3, -3, 3, -3, 3, -3, 1, -1, 1, -1, 1, 3]
89: 准确率为0.9642857142857143, kendall系数为0.8732207279595231, spearman系数为0.9174735722264008
human_scores is [1, -1, 1, -1, 1, -1, 1, -1, 1, -1, 1, -1, 0, 0, 0, 0, 0, 0, 1, -1, 1, -1, 0, 0, 0, 0, 1, -1, 1, -1, 0, 0, 1, -1, 1, -1, 1, -1, 1, -1, 0, 0]
model_scores is [3, -3, 3, -3, 3, -3, 3, -3, 3, -3, 3, -3, -1, -1, -1, 3, -1, -1, 1, -3, 3, -3, 1, 1, -3, 1, -1, -3, 3, -3, -1, -1, 1, -3, 3, -3, 3, -3, 3, -3, -1, -1]
90: 准确率为0.9642857142857143, kendall系数为0.8771810966432865, spearman系数为0.9197838189425168
human_scores is [1, -1, 0, 0, 0, 0, 0, 0, 0, 0, 1, -1, -1, 1, -1, 1, -1, 1, -1, 1, 1, -1, 0, 0, 0, 0, 0, 0, 1, -1, 0, 0, 0, 0, 1, -1, 0, 0, 1, -1, 1, -1]
model_scores is [3, -3, 3, -3, 3, -3, 3, -3, 3, -3, 3, -3, -1, 1, -3, 3, -3, 3, 3, -1, 3, -3, -3, -1, -1, 3, 3, -3, 3, -3, -1, -3, 3, -3, 3, -3, 1, -3, 3, -3, 1, 1]
91: 准确率为0.8636363636363636, kendall系数为0.4975388008495525, spearman系数为0.5624606254636022
human_scores is [1, -1, 1, -1, 1, -1, 1, -1, 1, -1, 1, -1, 1, -1, 0, 0, 1, -1, 1, -1, 1, -1, -1, 1, 1, -1, 0, 0, 0, 0, 1, -1, 1, -1, 1, -1, -1, 1, -1, 1, 0, 0]
model_scores is [-3, -3, 1, -3, 3, -3, 3, -3, 3, -3, 3, -3, 1, -3, -3, -3, 3, -3, -3, -3, -1, -3, -3, -1, 3, -1, 3, -1, -1, -1, 3, -3, 3, -3, 1, -3, -3, 3, -1, 3, -1, 1]
92: 准确率为0.8823529411764706, kendall系数为0.7060983393460074, spearman系数为0.7635839684523513
human_scores is [0, 0, 0, 0, 0, 0, 0, 0, 1, -1, 1, -1, 0, 0, 0, 0, 0, 0, 1, -1, 1, -1, 0, 0, 0, 0, 1, -1, 1, -1, 0, 0, 1, -1, 1, -1, 1, -1, 1, -1, 0, 0]
model_scores is [-1, -1, -1, -3, -1, 1, 1, -1, 3, -3, 1, -3, -1, -1, -3, 1, -3, -1, 1, -3, 3, -1, -3, 1, -3, -1, 3, -3, 1, -1, -3, -3, 1, -3, 1, -3, 3, -3, 3, -3, -3, 1]
93: 准确率为1.0, kendall系数为0.6869621562847551, spearman系数为0.7466476249919927
human_scores is [0, 0, 1, -1, 1, -1, 0, 0, 1, -1, 1, -1, 1, -1, 1, -1, 0, 0, 1, -1, 1, -1, 0, 0, -1, 1, 1, -1, 1, -1, -1, 1, 1, -1, 1, -1, 1, -1, 1, -1, 0, 0]
model_scores is [-1, -3, 3, -3, 3, -3, 3, -3, 3, -3, 3, -3, 3, -3, 3, -3, 1, -3, 3, -3, 3, -3, -1, -3, 1, -3, 3, -3, 3, -1, 1, -1, 3, -1, 3, -1, 1, -1, 1, -1, -1, 3]
94: 准确率为0.875, kendall系数为0.5961964751378732, spearman系数为0.6822943938580897
human_scores is [1, -1, 1, -1, 1, -1, 1, -1, 1, -1, 1, -1, -1, 1, 0, 0, 0, 0, 1, -1, 1, -1, 1, -1, 1, -1, 1, -1, 1, -1, 0, 0, 1, -1, 1, -1, 1, -1, 1, -1, 0, 0]
model_scores is [3, -3, 3, -3, 3, -3, 3, -3, 3, -3, 3, -3, -3, 3, 1, -1, -3, 3, 1, -1, 1, -1, 3, -3, -1, -1, 3, -3, 3, -3, -3, 3, 3, -1, 3, -1, 3, -3, 3, -3, 1, -1]
95: 准确率为0.9705882352941176, kendall系数为0.7688943118896231, spearman系数为0.8466954805456044
human_scores is [-1, 1, -1, 1, -1, 1, -1, 1, 1, -1, 0, 0, 1, -1, 1, -1, 1, -1, 1, -1, 1, -1, 0, 0, 0, 0, 1, -1, 1, -1, 0, 0, 1, -1, 1, -1, 1, -1, 1, -1, -1, 1]
model_scores is [1, -1, -1, -1, -1, 1, 3, -3, 3, -3, 3, -3, -1, 3, -3, 1, 1, 1, 3, -3, 1, -3, 1, 1, 3, -3, 3, -3, 3, -3, 3, -1, 3, -3, 3, -3, 1, -1, 3, -1, -1, 1]
96: 准确率为0.7058823529411765, kendall系数为0.3322211150344516, spearman系数为0.3870336017875657
human_scores is [-1, 1, 1, -1, 1, -1, 1, -1, 1, -1, 1, -1, 1, -1, 1, -1, 1, -1, 1, -1, 1, -1, 0, 0, 0, 0, 0, 0, 1, -1, 0, 0, 0, 0, 1, -1, 0, 0, 1, -1, 1, -1]
model_scores is [1, -1, 3, -3, -3, 1, 3, -3, 1, -3, 3, -3, 1, 1, -3, 3, -1, -3, -3, -1, 3, -3, -1, 3, 1, 1, 1, 1, 1, -1, 1, -1, 1, -1, 3, -3, 1, -1, 3, -1, -1, -3]
97: 准确率为0.6666666666666666, kendall系数为0.3554054618932814, spearman系数为0.39111800513457223
human_scores is [1, -1, 1, -1, 1, -1, 1, -1, 1, -1, 1, -1, 1, -1, 1, -1, 0, 0, 1, -1, 1, -1, 0, 0, -1, 1, 1, -1, 0, 0, -1, 1, 1, -1, 0, 0, 1, -1, 1, -1, -1, 1]
model_scores is [3, -3, 3, -3, 3, -3, 3, -3, 3, -3, 3, -3, -1, -1, -1, 1, 1, -1, 1, -1, 1, -1, -3, 3, -1, -1, 1, -1, 1, -1, 3, -3, 1, -3, 3, -3, -1, -1, 3, -1, 1, -3]
98: 准确率为0.7352941176470589, kendall系数为0.3893228754777143, spearman系数为0.44765228222967685
human_scores is [0, 0, 1, -1, 1, -1, 1, -1, 1, -1, 1, -1, 1, -1, 1, -1, 1, -1, 1, -1, 1, -1, 0, 0, 0, 0, 1, -1, 1, -1, 0, 0, 1, -1, 1, -1, 1, -1, 1, -1, 0, 0]
model_scores is [-1, -3, 3, -3, -3, -1, 3, -3, 3, -3, 3, -3, 3, -3, -1, 1, 1, -3, 3, -3, 3, -3, -3, 3, -3, -1, 3, -1, 1, -1, 3, -3, 3, -3, 3, -3, 3, -3, 3, -3, -3, 1]
99: 准确率为0.90625, kendall系数为0.6502653369119884, spearman系数为0.731282408261554
平均准确率为0.8160913212174818, 平均kendall系数为0.5444067612186977, 平均spearman系数为0.6050408917466039
